# 4004
-3.00907e+04 9.35861e-01
-3.00757e+04 9.35888e-01
-3.00607e+04 9.35915e-01
-3.00457e+04 9.35943e-01
-3.00307e+04 9.35970e-01
-3.00157e+04 9.35997e-01
-3.00007e+04 9.36025e-01
-2.99857e+04 9.36052e-01
-2.99707e+04 9.36080e-01
-2.99557e+04 9.36107e-01
-2.99407e+04 9.36134e-01
-2.99257e+04 9.36162e-01
-2.99107e+04 9.36189e-01
-2.98957e+04 9.36216e-01
-2.98807e+04 9.36244e-01
-2.98657e+04 9.36271e-01
-2.98507e+04 9.36299e-01
-2.98356e+04 9.36326e-01
-2.98206e+04 9.36353e-01
-2.98056e+04 9.36381e-01
-2.97906e+04 9.36408e-01
-2.97756e+04 9.36436e-01
-2.97606e+04 9.36463e-01
-2.97456e+04 9.36490e-01
-2.97306e+04 9.36518e-01
-2.97156e+04 9.36545e-01
-2.97006e+04 9.36572e-01
-2.96856e+04 9.36600e-01
-2.96706e+04 9.36627e-01
-2.96556e+04 9.36655e-01
-2.96406e+04 9.36682e-01
-2.96256e+04 9.36709e-01
-2.96106e+04 9.36737e-01
-2.95956e+04 9.36764e-01
-2.95806e+04 9.36791e-01
-2.95656e+04 9.36819e-01
-2.95506e+04 9.36846e-01
-2.95356e+04 9.36874e-01
-2.95206e+04 9.36901e-01
-2.95055e+04 9.36928e-01
-2.94905e+04 9.36956e-01
-2.94755e+04 9.36983e-01
-2.94605e+04 9.37010e-01
-2.94455e+04 9.37038e-01
-2.94305e+04 9.37065e-01
-2.94155e+04 9.37093e-01
-2.94005e+04 9.37120e-01
-2.93855e+04 9.37147e-01
-2.93705e+04 9.37175e-01
-2.93555e+04 9.37202e-01
-2.93405e+04 9.37230e-01
-2.93255e+04 9.37257e-01
-2.93105e+04 9.37284e-01
-2.92955e+04 9.37312e-01
-2.92805e+04 9.37339e-01
-2.92655e+04 9.37366e-01
-2.92505e+04 9.37394e-01
-2.92355e+04 9.37421e-01
-2.92205e+04 9.37449e-01
-2.92055e+04 9.37476e-01
-2.91904e+04 9.37503e-01
-2.91754e+04 9.37531e-01
-2.91604e+04 9.37558e-01
-2.91454e+04 9.37585e-01
-2.91304e+04 9.37613e-01
-2.91154e+04 9.37640e-01
-2.91004e+04 9.37668e-01
-2.90854e+04 9.37695e-01
-2.90704e+04 9.37722e-01
-2.90554e+04 9.37750e-01
-2.90404e+04 9.37777e-01
-2.90254e+04 9.37805e-01
-2.90104e+04 9.37832e-01
-2.89953e+04 9.37860e-01
-2.89803e+04 9.37887e-01
-2.89653e+04 9.37915e-01
-2.89503e+04 9.37942e-01
-2.89353e+04 9.37970e-01
-2.89203e+04 9.37997e-01
-2.89052e+04 9.38025e-01
-2.88902e+04 9.38052e-01
-2.88752e+04 9.38080e-01
-2.88602e+04 9.38107e-01
-2.88452e+04 9.38134e-01
-2.88301e+04 9.38162e-01
-2.88151e+04 9.38189e-01
-2.88001e+04 9.38217e-01
-2.87851e+04 9.38244e-01
-2.87701e+04 9.38272e-01
-2.87550e+04 9.38299e-01
-2.87400e+04 9.38327e-01
-2.87250e+04 9.38354e-01
-2.87100e+04 9.38382e-01
-2.86950e+04 9.38409e-01
-2.86799e+04 9.38437e-01
-2.86649e+04 9.38464e-01
-2.86499e+04 9.38492e-01
-2.86349e+04 9.38519e-01
-2.86199e+04 9.38547e-01
-2.86048e+04 9.38574e-01
-2.85898e+04 9.38602e-01
-2.85748e+04 9.38629e-01
-2.85598e+04 9.38657e-01
-2.85448e+04 9.38684e-01
-2.85298e+04 9.38712e-01
-2.85147e+04 9.38739e-01
-2.84997e+04 9.38767e-01
-2.84847e+04 9.38794e-01
-2.84697e+04 9.38822e-01
-2.84547e+04 9.38849e-01
-2.84396e+04 9.38877e-01
-2.84246e+04 9.38904e-01
-2.84096e+04 9.38932e-01
-2.83946e+04 9.38959e-01
-2.83796e+04 9.38987e-01
-2.83645e+04 9.39014e-01
-2.83495e+04 9.39042e-01
-2.83345e+04 9.39069e-01
-2.83195e+04 9.39097e-01
-2.83045e+04 9.39124e-01
-2.82894e+04 9.39152e-01
-2.82744e+04 9.39179e-01
-2.82594e+04 9.39207e-01
-2.82444e+04 9.39234e-01
-2.82294e+04 9.39262e-01
-2.82143e+04 9.39289e-01
-2.81993e+04 9.39317e-01
-2.81843e+04 9.39344e-01
-2.81693e+04 9.39372e-01
-2.81543e+04 9.39399e-01
-2.81393e+04 9.39427e-01
-2.81242e+04 9.39454e-01
-2.81092e+04 9.39482e-01
-2.80942e+04 9.39509e-01
-2.80792e+04 9.39537e-01
-2.80642e+04 9.39564e-01
-2.80491e+04 9.39592e-01
-2.80341e+04 9.39619e-01
-2.80191e+04 9.39647e-01
-2.80041e+04 9.39674e-01
-2.79891e+04 9.39702e-01
-2.79740e+04 9.39729e-01
-2.79590e+04 9.39757e-01
-2.79440e+04 9.39784e-01
-2.79290e+04 9.39812e-01
-2.79140e+04 9.39839e-01
-2.78989e+04 9.39867e-01
-2.78839e+04 9.39894e-01
-2.78689e+04 9.39922e-01
-2.78539e+04 9.39949e-01
-2.78389e+04 9.39977e-01
-2.78239e+04 9.40004e-01
-2.78088e+04 9.40032e-01
-2.77938e+04 9.40059e-01
-2.77788e+04 9.40087e-01
-2.77638e+04 9.40114e-01
-2.77488e+04 9.40142e-01
-2.77337e+04 9.40169e-01
-2.77187e+04 9.40197e-01
-2.77037e+04 9.40224e-01
-2.76887e+04 9.40252e-01
-2.76737e+04 9.40281e-01
-2.76586e+04 9.40309e-01
-2.76436e+04 9.40337e-01
-2.76286e+04 9.40365e-01
-2.76136e+04 9.40393e-01
-2.75986e+04 9.40422e-01
-2.75835e+04 9.40450e-01
-2.75685e+04 9.40478e-01
-2.75535e+04 9.40506e-01
-2.75385e+04 9.40534e-01
-2.75235e+04 9.40563e-01
-2.75084e+04 9.40591e-01
-2.74934e+04 9.40619e-01
-2.74784e+04 9.40647e-01
-2.74634e+04 9.40676e-01
-2.74484e+04 9.40704e-01
-2.74334e+04 9.40732e-01
-2.74183e+04 9.40760e-01
-2.74033e+04 9.40788e-01
-2.73883e+04 9.40817e-01
-2.73733e+04 9.40845e-01
-2.73583e+04 9.40873e-01
-2.73432e+04 9.40901e-01
-2.73282e+04 9.40929e-01
-2.73132e+04 9.40958e-01
-2.72982e+04 9.40986e-01
-2.72832e+04 9.41014e-01
-2.72681e+04 9.41042e-01
-2.72531e+04 9.41070e-01
-2.72381e+04 9.41099e-01
-2.72231e+04 9.41127e-01
-2.72081e+04 9.41155e-01
-2.71930e+04 9.41183e-01
-2.71780e+04 9.41211e-01
-2.71630e+04 9.41240e-01
-2.71480e+04 9.41268e-01
-2.71330e+04 9.41296e-01
-2.71180e+04 9.41324e-01
-2.71029e+04 9.41352e-01
-2.70879e+04 9.41381e-01
-2.70729e+04 9.41409e-01
-2.70579e+04 9.41437e-01
-2.70429e+04 9.41465e-01
-2.70278e+04 9.41493e-01
-2.70128e+04 9.41522e-01
-2.69978e+04 9.41550e-01
-2.69828e+04 9.41578e-01
-2.69678e+04 9.41606e-01
-2.69527e+04 9.41634e-01
-2.69377e+04 9.41663e-01
-2.69227e+04 9.41691e-01
-2.69077e+04 9.41719e-01
-2.68927e+04 9.41747e-01
-2.68776e+04 9.41775e-01
-2.68626e+04 9.41804e-01
-2.68476e+04 9.41832e-01
-2.68326e+04 9.41860e-01
-2.68176e+04 9.41888e-01
-2.68025e+04 9.41916e-01
-2.67875e+04 9.41945e-01
-2.67725e+04 9.41973e-01
-2.67575e+04 9.42001e-01
-2.67425e+04 9.42029e-01
-2.67275e+04 9.42057e-01
-2.67124e+04 9.42086e-01
-2.66974e+04 9.42114e-01
-2.66824e+04 9.42142e-01
-2.66674e+04 9.42170e-01
-2.66524e+04 9.42198e-01
-2.66373e+04 9.42227e-01
-2.66223e+04 9.42255e-01
-2.66073e+04 9.42283e-01
-2.65923e+04 9.42311e-01
-2.65773e+04 9.42339e-01
-2.65622e+04 9.42368e-01
-2.65472e+04 9.42396e-01
-2.65322e+04 9.42424e-01
-2.65172e+04 9.42452e-01
-2.65022e+04 9.42480e-01
-2.64871e+04 9.42509e-01
-2.64721e+04 9.42537e-01
-2.64571e+04 9.42565e-01
-2.64421e+04 9.42593e-01
-2.64271e+04 9.42621e-01
-2.64120e+04 9.42650e-01
-2.63970e+04 9.42678e-01
-2.63820e+04 9.42706e-01
-2.63670e+04 9.42734e-01
-2.63520e+04 9.42763e-01
-2.63370e+04 9.42791e-01
-2.63219e+04 9.42819e-01
-2.63069e+04 9.42847e-01
-2.62919e+04 9.42875e-01
-2.62769e+04 9.42904e-01
-2.62619e+04 9.42932e-01
-2.62468e+04 9.42960e-01
-2.62318e+04 9.42988e-01
-2.62168e+04 9.43016e-01
-2.62018e+04 9.43045e-01
-2.61868e+04 9.43073e-01
-2.61717e+04 9.43101e-01
-2.61567e+04 9.43129e-01
-2.61417e+04 9.43157e-01
-2.61267e+04 9.43186e-01
-2.61117e+04 9.43214e-01
-2.60966e+04 9.43242e-01
-2.60816e+04 9.43270e-01
-2.60666e+04 9.43298e-01
-2.60516e+04 9.43327e-01
-2.60366e+04 9.43355e-01
-2.60216e+04 9.43383e-01
-2.60065e+04 9.43411e-01
-2.59915e+04 9.43439e-01
-2.59765e+04 9.43468e-01
-2.59615e+04 9.43496e-01
-2.59465e+04 9.43524e-01
-2.59314e+04 9.43552e-01
-2.59164e+04 9.43580e-01
-2.59014e+04 9.43609e-01
-2.58864e+04 9.43637e-01
-2.58714e+04 9.43665e-01
-2.58563e+04 9.43693e-01
-2.58413e+04 9.43721e-01
-2.58263e+04 9.43750e-01
-2.58113e+04 9.43778e-01
-2.57963e+04 9.43806e-01
-2.57812e+04 9.43834e-01
-2.57662e+04 9.43862e-01
-2.57512e+04 9.43891e-01
-2.57362e+04 9.43919e-01
-2.57212e+04 9.43947e-01
-2.57061e+04 9.43975e-01
-2.56911e+04 9.44003e-01
-2.56761e+04 9.44032e-01
-2.56611e+04 9.44060e-01
-2.56461e+04 9.44088e-01
-2.56311e+04 9.44116e-01
-2.56160e+04 9.44144e-01
-2.56010e+04 9.44173e-01
-2.55860e+04 9.44201e-01
-2.55710e+04 9.44229e-01
-2.55560e+04 9.44257e-01
-2.55409e+04 9.44285e-01
-2.55259e+04 9.44314e-01
-2.55109e+04 9.44342e-01
-2.54959e+04 9.44370e-01
-2.54809e+04 9.44398e-01
-2.54658e+04 9.44426e-01
-2.54508e+04 9.44455e-01
-2.54358e+04 9.44483e-01
-2.54208e+04 9.44511e-01
-2.54058e+04 9.44539e-01
-2.53907e+04 9.44567e-01
-2.53757e+04 9.44596e-01
-2.53607e+04 9.44624e-01
-2.53457e+04 9.44652e-01
-2.53307e+04 9.44680e-01
-2.53157e+04 9.44708e-01
-2.53006e+04 9.44737e-01
-2.52856e+04 9.44765e-01
-2.52706e+04 9.44793e-01
-2.52556e+04 9.44821e-01
-2.52406e+04 9.44849e-01
-2.52255e+04 9.44878e-01
-2.52105e+04 9.44906e-01
-2.51955e+04 9.44934e-01
-2.51805e+04 9.44962e-01
-2.51655e+04 9.44990e-01
-2.51504e+04 9.45019e-01
-2.51354e+04 9.45047e-01
-2.51204e+04 9.45075e-01
-2.51054e+04 9.45103e-01
-2.50904e+04 9.45131e-01
-2.50754e+04 9.45160e-01
-2.50603e+04 9.45188e-01
-2.50453e+04 9.45216e-01
-2.50303e+04 9.45244e-01
-2.50153e+04 9.45272e-01
-2.50003e+04 9.45301e-01
-2.49852e+04 9.45329e-01
-2.49702e+04 9.45357e-01
-2.49552e+04 9.45385e-01
-2.49402e+04 9.45413e-01
-2.49252e+04 9.45442e-01
-2.49101e+04 9.45470e-01
-2.48951e+04 9.45498e-01
-2.48801e+04 9.45526e-01
-2.48651e+04 9.45554e-01
-2.48501e+04 9.45583e-01
-2.48350e+04 9.45611e-01
-2.48200e+04 9.45639e-01
-2.48050e+04 9.45667e-01
-2.47900e+04 9.45695e-01
-2.47750e+04 9.45723e-01
-2.47600e+04 9.45752e-01
-2.47449e+04 9.45780e-01
-2.47299e+04 9.45808e-01
-2.47149e+04 9.45836e-01
-2.46999e+04 9.45864e-01
-2.46849e+04 9.45893e-01
-2.46698e+04 9.45921e-01
-2.46548e+04 9.45949e-01
-2.46398e+04 9.45977e-01
-2.46248e+04 9.46005e-01
-2.46098e+04 9.46034e-01
-2.45947e+04 9.46062e-01
-2.45797e+04 9.46090e-01
-2.45647e+04 9.46118e-01
-2.45497e+04 9.46146e-01
-2.45347e+04 9.46175e-01
-2.45197e+04 9.46203e-01
-2.45046e+04 9.46231e-01
-2.44896e+04 9.46259e-01
-2.44746e+04 9.46287e-01
-2.44596e+04 9.46316e-01
-2.44446e+04 9.46344e-01
-2.44295e+04 9.46372e-01
-2.44145e+04 9.46400e-01
-2.43995e+04 9.46428e-01
-2.43845e+04 9.46457e-01
-2.43695e+04 9.46485e-01
-2.43544e+04 9.46513e-01
-2.43394e+04 9.46541e-01
-2.43244e+04 9.46569e-01
-2.43094e+04 9.46597e-01
-2.42944e+04 9.46626e-01
-2.42794e+04 9.46654e-01
-2.42643e+04 9.46682e-01
-2.42493e+04 9.46710e-01
-2.42343e+04 9.46738e-01
-2.42193e+04 9.46767e-01
-2.42043e+04 9.46795e-01
-2.41892e+04 9.46823e-01
-2.41742e+04 9.46851e-01
-2.41592e+04 9.46879e-01
-2.41442e+04 9.46908e-01
-2.41292e+04 9.46936e-01
-2.41141e+04 9.46964e-01
-2.40991e+04 9.46992e-01
-2.40841e+04 9.47020e-01
-2.40691e+04 9.47049e-01
-2.40541e+04 9.47077e-01
-2.40391e+04 9.47105e-01
-2.40240e+04 9.47133e-01
-2.40090e+04 9.47161e-01
-2.39940e+04 9.47190e-01
-2.39790e+04 9.47218e-01
-2.39640e+04 9.47246e-01
-2.39489e+04 9.47274e-01
-2.39339e+04 9.47302e-01
-2.39189e+04 9.47331e-01
-2.39039e+04 9.47359e-01
-2.38889e+04 9.47387e-01
-2.38738e+04 9.47415e-01
-2.38588e+04 9.47443e-01
-2.38438e+04 9.47471e-01
-2.38288e+04 9.47500e-01
-2.38138e+04 9.47528e-01
-2.37988e+04 9.47556e-01
-2.37837e+04 9.47584e-01
-2.37687e+04 9.47612e-01
-2.37537e+04 9.47641e-01
-2.37387e+04 9.47669e-01
-2.37237e+04 9.47697e-01
-2.37086e+04 9.47725e-01
-2.36936e+04 9.47753e-01
-2.36786e+04 9.47782e-01
-2.36636e+04 9.47810e-01
-2.36486e+04 9.47838e-01
-2.36335e+04 9.47866e-01
-2.36185e+04 9.47894e-01
-2.36035e+04 9.47923e-01
-2.35885e+04 9.47951e-01
-2.35735e+04 9.47979e-01
-2.35585e+04 9.48007e-01
-2.35434e+04 9.48035e-01
-2.35284e+04 9.48064e-01
-2.35134e+04 9.48092e-01
-2.34984e+04 9.48120e-01
-2.34834e+04 9.48148e-01
-2.34683e+04 9.48176e-01
-2.34533e+04 9.48205e-01
-2.34383e+04 9.48233e-01
-2.34233e+04 9.48261e-01
-2.34083e+04 9.48289e-01
-2.33932e+04 9.48317e-01
-2.33782e+04 9.48346e-01
-2.33632e+04 9.48374e-01
-2.33482e+04 9.48402e-01
-2.33332e+04 9.48430e-01
-2.33182e+04 9.48458e-01
-2.33031e+04 9.48486e-01
-2.32881e+04 9.48515e-01
-2.32731e+04 9.48543e-01
-2.32581e+04 9.48571e-01
-2.32431e+04 9.48599e-01
-2.32280e+04 9.48627e-01
-2.32130e+04 9.48656e-01
-2.31980e+04 9.48684e-01
-2.31830e+04 9.48712e-01
-2.31680e+04 9.48740e-01
-2.31529e+04 9.48768e-01
-2.31379e+04 9.48797e-01
-2.31229e+04 9.48825e-01
-2.31079e+04 9.48853e-01
-2.30929e+04 9.48881e-01
-2.30779e+04 9.48909e-01
-2.30628e+04 9.48938e-01
-2.30478e+04 9.48966e-01
-2.30328e+04 9.48994e-01
-2.30178e+04 9.49022e-01
-2.30028e+04 9.49050e-01
-2.29877e+04 9.49079e-01
-2.29727e+04 9.49107e-01
-2.29577e+04 9.49135e-01
-2.29427e+04 9.49163e-01
-2.29277e+04 9.49191e-01
-2.29126e+04 9.49220e-01
-2.28976e+04 9.49248e-01
-2.28826e+04 9.49276e-01
-2.28676e+04 9.49304e-01
-2.28526e+04 9.49332e-01
-2.28375e+04 9.49360e-01
-2.28225e+04 9.49389e-01
-2.28075e+04 9.49417e-01
-2.27925e+04 9.49445e-01
-2.27775e+04 9.49473e-01
-2.27625e+04 9.49501e-01
-2.27474e+04 9.49530e-01
-2.27324e+04 9.49558e-01
-2.27174e+04 9.49586e-01
-2.27024e+04 9.49614e-01
-2.26874e+04 9.49642e-01
-2.26723e+04 9.49671e-01
-2.26573e+04 9.49699e-01
-2.26423e+04 9.49727e-01
-2.26273e+04 9.49755e-01
-2.26123e+04 9.49783e-01
-2.25972e+04 9.49812e-01
-2.25822e+04 9.49840e-01
-2.25672e+04 9.49868e-01
-2.25522e+04 9.49896e-01
-2.25372e+04 9.49924e-01
-2.25222e+04 9.49953e-01
-2.25071e+04 9.49981e-01
-2.24921e+04 9.50009e-01
-2.24771e+04 9.50037e-01
-2.24621e+04 9.50065e-01
-2.24471e+04 9.50094e-01
-2.24320e+04 9.50122e-01
-2.24170e+04 9.50150e-01
-2.24020e+04 9.50178e-01
-2.23870e+04 9.50206e-01
-2.23720e+04 9.50235e-01
-2.23569e+04 9.50263e-01
-2.23419e+04 9.50291e-01
-2.23269e+04 9.50319e-01
-2.23119e+04 9.50347e-01
-2.22969e+04 9.50375e-01
-2.22819e+04 9.50404e-01
-2.22668e+04 9.50432e-01
-2.22518e+04 9.50460e-01
-2.22368e+04 9.50488e-01
-2.22218e+04 9.50516e-01
-2.22068e+04 9.50545e-01
-2.21917e+04 9.50573e-01
-2.21767e+04 9.50601e-01
-2.21617e+04 9.50629e-01
-2.21467e+04 9.50657e-01
-2.21317e+04 9.50686e-01
-2.21166e+04 9.50714e-01
-2.21016e+04 9.50742e-01
-2.20866e+04 9.50770e-01
-2.20716e+04 9.50798e-01
-2.20566e+04 9.50827e-01
-2.20416e+04 9.50855e-01
-2.20265e+04 9.50883e-01
-2.20115e+04 9.50911e-01
-2.19965e+04 9.50939e-01
-2.19815e+04 9.50968e-01
-2.19665e+04 9.50996e-01
-2.19514e+04 9.51024e-01
-2.19364e+04 9.51052e-01
-2.19214e+04 9.51080e-01
-2.19064e+04 9.51109e-01
-2.18914e+04 9.51137e-01
-2.18763e+04 9.51165e-01
-2.18613e+04 9.51193e-01
-2.18463e+04 9.51221e-01
-2.18313e+04 9.51249e-01
-2.18163e+04 9.51278e-01
-2.18013e+04 9.51306e-01
-2.17862e+04 9.51334e-01
-2.17712e+04 9.51362e-01
-2.17562e+04 9.51390e-01
-2.17412e+04 9.51419e-01
-2.17262e+04 9.51447e-01
-2.17111e+04 9.51475e-01
-2.16961e+04 9.51503e-01
-2.16811e+04 9.51531e-01
-2.16661e+04 9.51560e-01
-2.16511e+04 9.51588e-01
-2.16360e+04 9.51616e-01
-2.16210e+04 9.51644e-01
-2.16060e+04 9.51672e-01
-2.15910e+04 9.51701e-01
-2.15760e+04 9.51729e-01
-2.15610e+04 9.51757e-01
-2.15459e+04 9.51785e-01
-2.15309e+04 9.51813e-01
-2.15159e+04 9.51842e-01
-2.15009e+04 9.51870e-01
-2.14859e+04 9.51898e-01
-2.14708e+04 9.51926e-01
-2.14558e+04 9.51954e-01
-2.14408e+04 9.51983e-01
-2.14258e+04 9.52011e-01
-2.14108e+04 9.52039e-01
-2.13957e+04 9.52067e-01
-2.13807e+04 9.52095e-01
-2.13657e+04 9.52124e-01
-2.13507e+04 9.52152e-01
-2.13357e+04 9.52180e-01
-2.13207e+04 9.52208e-01
-2.13056e+04 9.52236e-01
-2.12906e+04 9.52264e-01
-2.12756e+04 9.52293e-01
-2.12606e+04 9.52321e-01
-2.12456e+04 9.52349e-01
-2.12305e+04 9.52377e-01
-2.12155e+04 9.52405e-01
-2.12005e+04 9.52434e-01
-2.11855e+04 9.52462e-01
-2.11705e+04 9.52490e-01
-2.11554e+04 9.52518e-01
-2.11404e+04 9.52546e-01
-2.11254e+04 9.52575e-01
-2.11104e+04 9.52603e-01
-2.10954e+04 9.52631e-01
-2.10804e+04 9.52659e-01
-2.10653e+04 9.52687e-01
-2.10503e+04 9.52716e-01
-2.10353e+04 9.52744e-01
-2.10203e+04 9.52772e-01
-2.10053e+04 9.52800e-01
-2.09902e+04 9.52828e-01
-2.09752e+04 9.52857e-01
-2.09602e+04 9.52885e-01
-2.09452e+04 9.52913e-01
-2.09302e+04 9.52941e-01
-2.09151e+04 9.52969e-01
-2.09001e+04 9.52998e-01
-2.08851e+04 9.53026e-01
-2.08701e+04 9.53054e-01
-2.08551e+04 9.53082e-01
-2.08401e+04 9.53110e-01
-2.08250e+04 9.53138e-01
-2.08100e+04 9.53167e-01
-2.07950e+04 9.53195e-01
-2.07800e+04 9.53223e-01
-2.07650e+04 9.53251e-01
-2.07499e+04 9.53279e-01
-2.07349e+04 9.53308e-01
-2.07199e+04 9.53336e-01
-2.07049e+04 9.53364e-01
-2.06899e+04 9.53392e-01
-2.06748e+04 9.53420e-01
-2.06598e+04 9.53449e-01
-2.06448e+04 9.53477e-01
-2.06298e+04 9.53505e-01
-2.06148e+04 9.53533e-01
-2.05997e+04 9.53561e-01
-2.05847e+04 9.53590e-01
-2.05697e+04 9.53618e-01
-2.05547e+04 9.53646e-01
-2.05397e+04 9.53674e-01
-2.05247e+04 9.53702e-01
-2.05096e+04 9.53731e-01
-2.04946e+04 9.53759e-01
-2.04796e+04 9.53787e-01
-2.04646e+04 9.53815e-01
-2.04496e+04 9.53843e-01
-2.04345e+04 9.53872e-01
-2.04195e+04 9.53900e-01
-2.04045e+04 9.53928e-01
-2.03895e+04 9.53956e-01
-2.03745e+04 9.53984e-01
-2.03594e+04 9.54012e-01
-2.03444e+04 9.54041e-01
-2.03294e+04 9.54069e-01
-2.03144e+04 9.54099e-01
-2.02994e+04 9.54134e-01
-2.02844e+04 9.54168e-01
-2.02693e+04 9.54203e-01
-2.02543e+04 9.54238e-01
-2.02393e+04 9.54272e-01
-2.02243e+04 9.54307e-01
-2.02093e+04 9.54342e-01
-2.01942e+04 9.54376e-01
-2.01792e+04 9.54411e-01
-2.01642e+04 9.54446e-01
-2.01492e+04 9.54481e-01
-2.01342e+04 9.54515e-01
-2.01191e+04 9.54550e-01
-2.01041e+04 9.54585e-01
-2.00891e+04 9.54619e-01
-2.00741e+04 9.54654e-01
-2.00591e+04 9.54689e-01
-2.00441e+04 9.54723e-01
-2.00290e+04 9.54758e-01
-2.00140e+04 9.54793e-01
-1.99990e+04 9.54828e-01
-1.99840e+04 9.54862e-01
-1.99690e+04 9.54897e-01
-1.99539e+04 9.54932e-01
-1.99389e+04 9.54966e-01
-1.99239e+04 9.55001e-01
-1.99089e+04 9.55036e-01
-1.98939e+04 9.55070e-01
-1.98788e+04 9.55105e-01
-1.98638e+04 9.55140e-01
-1.98488e+04 9.55175e-01
-1.98338e+04 9.55209e-01
-1.98188e+04 9.55244e-01
-1.98038e+04 9.55279e-01
-1.97887e+04 9.55313e-01
-1.97737e+04 9.55348e-01
-1.97587e+04 9.55383e-01
-1.97437e+04 9.55417e-01
-1.97287e+04 9.55452e-01
-1.97136e+04 9.55487e-01
-1.96986e+04 9.55522e-01
-1.96836e+04 9.55556e-01
-1.96686e+04 9.55591e-01
-1.96536e+04 9.55626e-01
-1.96385e+04 9.55660e-01
-1.96235e+04 9.55695e-01
-1.96085e+04 9.55730e-01
-1.95935e+04 9.55764e-01
-1.95785e+04 9.55799e-01
-1.95635e+04 9.55834e-01
-1.95484e+04 9.55869e-01
-1.95334e+04 9.55903e-01
-1.95184e+04 9.55938e-01
-1.95034e+04 9.55973e-01
-1.94884e+04 9.56007e-01
-1.94733e+04 9.56042e-01
-1.94583e+04 9.56077e-01
-1.94433e+04 9.56111e-01
-1.94283e+04 9.56146e-01
-1.94133e+04 9.56180e-01
-1.93982e+04 9.56214e-01
-1.93832e+04 9.56248e-01
-1.93682e+04 9.56282e-01
-1.93532e+04 9.56316e-01
-1.93381e+04 9.56350e-01
-1.93231e+04 9.56384e-01
-1.93081e+04 9.56418e-01
-1.92931e+04 9.56452e-01
-1.92780e+04 9.56486e-01
-1.92630e+04 9.56520e-01
-1.92480e+04 9.56554e-01
-1.92330e+04 9.56588e-01
-1.92179e+04 9.56622e-01
-1.92029e+04 9.56656e-01
-1.91879e+04 9.56690e-01
-1.91729e+04 9.56724e-01
-1.91578e+04 9.56758e-01
-1.91428e+04 9.56792e-01
-1.91278e+04 9.56826e-01
-1.91128e+04 9.56860e-01
-1.90978e+04 9.56894e-01
-1.90827e+04 9.56928e-01
-1.90677e+04 9.56962e-01
-1.90527e+04 9.56996e-01
-1.90377e+04 9.57031e-01
-1.90226e+04 9.57065e-01
-1.90076e+04 9.57099e-01
-1.89926e+04 9.57133e-01
-1.89776e+04 9.57167e-01
-1.89625e+04 9.57201e-01
-1.89475e+04 9.57235e-01
-1.89325e+04 9.57269e-01
-1.89175e+04 9.57303e-01
-1.89024e+04 9.57337e-01
-1.88874e+04 9.57371e-01
-1.88724e+04 9.57405e-01
-1.88574e+04 9.57439e-01
-1.88423e+04 9.57473e-01
-1.88273e+04 9.57507e-01
-1.88123e+04 9.57541e-01
-1.87973e+04 9.57575e-01
-1.87822e+04 9.57609e-01
-1.87672e+04 9.57643e-01
-1.87522e+04 9.57677e-01
-1.87372e+04 9.57711e-01
-1.87222e+04 9.57745e-01
-1.87071e+04 9.57779e-01
-1.86921e+04 9.57813e-01
-1.86771e+04 9.57847e-01
-1.86621e+04 9.57881e-01
-1.86470e+04 9.57916e-01
-1.86320e+04 9.57950e-01
-1.86170e+04 9.57984e-01
-1.86020e+04 9.58018e-01
-1.85869e+04 9.58052e-01
-1.85719e+04 9.58086e-01
-1.85569e+04 9.58120e-01
-1.85419e+04 9.58154e-01
-1.85268e+04 9.58188e-01
-1.85118e+04 9.58222e-01
-1.84968e+04 9.58256e-01
-1.84818e+04 9.58290e-01
-1.84667e+04 9.58324e-01
-1.84517e+04 9.58358e-01
-1.84367e+04 9.58392e-01
-1.84217e+04 9.58426e-01
-1.84066e+04 9.58460e-01
-1.83916e+04 9.58494e-01
-1.83766e+04 9.58528e-01
-1.83616e+04 9.58562e-01
-1.83466e+04 9.58596e-01
-1.83315e+04 9.58630e-01
-1.83165e+04 9.58664e-01
-1.83015e+04 9.58698e-01
-1.82865e+04 9.58732e-01
-1.82714e+04 9.58766e-01
-1.82564e+04 9.58799e-01
-1.82414e+04 9.58832e-01
-1.82264e+04 9.58866e-01
-1.82113e+04 9.58899e-01
-1.81963e+04 9.58932e-01
-1.81813e+04 9.58965e-01
-1.81663e+04 9.58999e-01
-1.81512e+04 9.59032e-01
-1.81362e+04 9.59065e-01
-1.81212e+04 9.59099e-01
-1.81062e+04 9.59132e-01
-1.80911e+04 9.59165e-01
-1.80761e+04 9.59199e-01
-1.80611e+04 9.59232e-01
-1.80461e+04 9.59265e-01
-1.80310e+04 9.59299e-01
-1.80160e+04 9.59332e-01
-1.80010e+04 9.59365e-01
-1.79860e+04 9.59399e-01
-1.79710e+04 9.59432e-01
-1.79559e+04 9.59465e-01
-1.79409e+04 9.59499e-01
-1.79259e+04 9.59532e-01
-1.79109e+04 9.59565e-01
-1.78958e+04 9.59599e-01
-1.78808e+04 9.59632e-01
-1.78658e+04 9.59665e-01
-1.78508e+04 9.59699e-01
-1.78357e+04 9.59732e-01
-1.78207e+04 9.59765e-01
-1.78057e+04 9.59799e-01
-1.77907e+04 9.59832e-01
-1.77756e+04 9.59865e-01
-1.77606e+04 9.59898e-01
-1.77456e+04 9.59932e-01
-1.77306e+04 9.59965e-01
-1.77155e+04 9.59998e-01
-1.77005e+04 9.60032e-01
-1.76855e+04 9.60065e-01
-1.76705e+04 9.60098e-01
-1.76554e+04 9.60132e-01
-1.76404e+04 9.60165e-01
-1.76254e+04 9.60198e-01
-1.76104e+04 9.60232e-01
-1.75954e+04 9.60265e-01
-1.75803e+04 9.60298e-01
-1.75653e+04 9.60332e-01
-1.75503e+04 9.60365e-01
-1.75353e+04 9.60398e-01
-1.75202e+04 9.60432e-01
-1.75052e+04 9.60465e-01
-1.74902e+04 9.60498e-01
-1.74752e+04 9.60532e-01
-1.74601e+04 9.60565e-01
-1.74451e+04 9.60598e-01
-1.74301e+04 9.60632e-01
-1.74151e+04 9.60665e-01
-1.74000e+04 9.60698e-01
-1.73850e+04 9.60732e-01
-1.73700e+04 9.60765e-01
-1.73550e+04 9.60798e-01
-1.73399e+04 9.60832e-01
-1.73249e+04 9.60865e-01
-1.73099e+04 9.60898e-01
-1.72949e+04 9.60931e-01
-1.72798e+04 9.60965e-01
-1.72648e+04 9.60998e-01
-1.72498e+04 9.61031e-01
-1.72348e+04 9.61065e-01
-1.72198e+04 9.61098e-01
-1.72047e+04 9.61131e-01
-1.71897e+04 9.61165e-01
-1.71747e+04 9.61198e-01
-1.71597e+04 9.61231e-01
-1.71446e+04 9.61265e-01
-1.71296e+04 9.61298e-01
-1.71146e+04 9.61331e-01
-1.70996e+04 9.61365e-01
-1.70845e+04 9.61398e-01
-1.70695e+04 9.61431e-01
-1.70545e+04 9.61465e-01
-1.70395e+04 9.61498e-01
-1.70244e+04 9.61531e-01
-1.70094e+04 9.61565e-01
-1.69944e+04 9.61598e-01
-1.69794e+04 9.61631e-01
-1.69643e+04 9.61665e-01
-1.69493e+04 9.61698e-01
-1.69343e+04 9.61731e-01
-1.69193e+04 9.61765e-01
-1.69042e+04 9.61798e-01
-1.68892e+04 9.61831e-01
-1.68742e+04 9.61865e-01
-1.68592e+04 9.61898e-01
-1.68442e+04 9.61931e-01
-1.68291e+04 9.61964e-01
-1.68141e+04 9.61998e-01
-1.67991e+04 9.62031e-01
-1.67841e+04 9.62064e-01
-1.67690e+04 9.62098e-01
-1.67540e+04 9.62131e-01
-1.67390e+04 9.62164e-01
-1.67240e+04 9.62198e-01
-1.67089e+04 9.62231e-01
-1.66939e+04 9.62264e-01
-1.66789e+04 9.62298e-01
-1.66639e+04 9.62331e-01
-1.66488e+04 9.62364e-01
-1.66338e+04 9.62398e-01
-1.66188e+04 9.62431e-01
-1.66038e+04 9.62464e-01
-1.65887e+04 9.62498e-01
-1.65737e+04 9.62531e-01
-1.65587e+04 9.62564e-01
-1.65437e+04 9.62598e-01
-1.65286e+04 9.62631e-01
-1.65136e+04 9.62664e-01
-1.64986e+04 9.62698e-01
-1.64836e+04 9.62731e-01
-1.64686e+04 9.62764e-01
-1.64535e+04 9.62798e-01
-1.64385e+04 9.62831e-01
-1.64235e+04 9.62864e-01
-1.64085e+04 9.62897e-01
-1.63934e+04 9.62931e-01
-1.63784e+04 9.62964e-01
-1.63634e+04 9.62997e-01
-1.63484e+04 9.63031e-01
-1.63333e+04 9.63064e-01
-1.63183e+04 9.63097e-01
-1.63033e+04 9.63131e-01
-1.62883e+04 9.63164e-01
-1.62732e+04 9.63197e-01
-1.62582e+04 9.63231e-01
-1.62432e+04 9.63264e-01
-1.62282e+04 9.63297e-01
-1.62131e+04 9.63331e-01
-1.61981e+04 9.63364e-01
-1.61831e+04 9.63397e-01
-1.61681e+04 9.63431e-01
-1.61530e+04 9.63464e-01
-1.61380e+04 9.63497e-01
-1.61230e+04 9.63531e-01
-1.61080e+04 9.63564e-01
-1.60930e+04 9.63597e-01
-1.60779e+04 9.63631e-01
-1.60629e+04 9.63664e-01
-1.60479e+04 9.63697e-01
-1.60329e+04 9.63731e-01
-1.60178e+04 9.63764e-01
-1.60028e+04 9.63797e-01
-1.59878e+04 9.63831e-01
-1.59728e+04 9.63864e-01
-1.59577e+04 9.63897e-01
-1.59427e+04 9.63930e-01
-1.59277e+04 9.63964e-01
-1.59127e+04 9.63997e-01
-1.58976e+04 9.64030e-01
-1.58826e+04 9.64064e-01
-1.58676e+04 9.64097e-01
-1.58526e+04 9.64130e-01
-1.58375e+04 9.64164e-01
-1.58225e+04 9.64197e-01
-1.58075e+04 9.64230e-01
-1.57925e+04 9.64264e-01
-1.57775e+04 9.64297e-01
-1.57624e+04 9.64330e-01
-1.57474e+04 9.64364e-01
-1.57324e+04 9.64397e-01
-1.57174e+04 9.64430e-01
-1.57023e+04 9.64464e-01
-1.56873e+04 9.64497e-01
-1.56723e+04 9.64530e-01
-1.56573e+04 9.64564e-01
-1.56422e+04 9.64597e-01
-1.56272e+04 9.64630e-01
-1.56122e+04 9.64664e-01
-1.55972e+04 9.64697e-01
-1.55821e+04 9.64730e-01
-1.55671e+04 9.64764e-01
-1.55521e+04 9.64797e-01
-1.55371e+04 9.64830e-01
-1.55220e+04 9.64863e-01
-1.55070e+04 9.64897e-01
-1.54920e+04 9.64930e-01
-1.54770e+04 9.64963e-01
-1.54619e+04 9.64997e-01
-1.54469e+04 9.65030e-01
-1.54319e+04 9.65063e-01
-1.54169e+04 9.65097e-01
-1.54019e+04 9.65130e-01
-1.53868e+04 9.65163e-01
-1.53718e+04 9.65197e-01
-1.53568e+04 9.65230e-01
-1.53418e+04 9.65263e-01
-1.53267e+04 9.65297e-01
-1.53117e+04 9.65330e-01
-1.52967e+04 9.65363e-01
-1.52817e+04 9.65397e-01
-1.52666e+04 9.65430e-01
-1.52516e+04 9.65463e-01
-1.52366e+04 9.65497e-01
-1.52216e+04 9.65530e-01
-1.52065e+04 9.65563e-01
-1.51915e+04 9.65597e-01
-1.51765e+04 9.65630e-01
-1.51615e+04 9.65663e-01
-1.51464e+04 9.65697e-01
-1.51314e+04 9.65730e-01
-1.51164e+04 9.65763e-01
-1.51014e+04 9.65797e-01
-1.50863e+04 9.65830e-01
-1.50713e+04 9.65863e-01
-1.50563e+04 9.65896e-01
-1.50413e+04 9.65930e-01
-1.50263e+04 9.65963e-01
-1.50112e+04 9.65996e-01
-1.49962e+04 9.66030e-01
-1.49812e+04 9.66063e-01
-1.49662e+04 9.66096e-01
-1.49511e+04 9.66130e-01
-1.49361e+04 9.66163e-01
-1.49211e+04 9.66196e-01
-1.49061e+04 9.66230e-01
-1.48910e+04 9.66263e-01
-1.48760e+04 9.66296e-01
-1.48610e+04 9.66330e-01
-1.48460e+04 9.66363e-01
-1.48309e+04 9.66396e-01
-1.48159e+04 9.66430e-01
-1.48009e+04 9.66463e-01
-1.47859e+04 9.66496e-01
-1.47708e+04 9.66530e-01
-1.47558e+04 9.66563e-01
-1.47408e+04 9.66596e-01
-1.47258e+04 9.66630e-01
-1.47107e+04 9.66663e-01
-1.46957e+04 9.66696e-01
-1.46807e+04 9.66730e-01
-1.46657e+04 9.66763e-01
-1.46507e+04 9.66796e-01
-1.46356e+04 9.66830e-01
-1.46206e+04 9.66863e-01
-1.46056e+04 9.66896e-01
-1.45906e+04 9.66929e-01
-1.45755e+04 9.66963e-01
-1.45605e+04 9.66996e-01
-1.45455e+04 9.67029e-01
-1.45305e+04 9.67063e-01
-1.45154e+04 9.67096e-01
-1.45004e+04 9.67129e-01
-1.44854e+04 9.67163e-01
-1.44704e+04 9.67196e-01
-1.44553e+04 9.67229e-01
-1.44403e+04 9.67263e-01
-1.44253e+04 9.67296e-01
-1.44103e+04 9.67329e-01
-1.43952e+04 9.67363e-01
-1.43802e+04 9.67396e-01
-1.43652e+04 9.67429e-01
-1.43502e+04 9.67463e-01
-1.43351e+04 9.67496e-01
-1.43201e+04 9.67529e-01
-1.43051e+04 9.67563e-01
-1.42901e+04 9.67596e-01
-1.42751e+04 9.67629e-01
-1.42600e+04 9.67663e-01
-1.42450e+04 9.67696e-01
-1.42300e+04 9.67729e-01
-1.42150e+04 9.67763e-01
-1.41999e+04 9.67796e-01
-1.41849e+04 9.67829e-01
-1.41699e+04 9.67862e-01
-1.41549e+04 9.67896e-01
-1.41398e+04 9.67929e-01
-1.41248e+04 9.67962e-01
-1.41098e+04 9.67996e-01
-1.40948e+04 9.68029e-01
-1.40797e+04 9.68062e-01
-1.40647e+04 9.68095e-01
-1.40497e+04 9.68128e-01
-1.40347e+04 9.68161e-01
-1.40196e+04 9.68194e-01
-1.40046e+04 9.68227e-01
-1.39896e+04 9.68260e-01
-1.39746e+04 9.68293e-01
-1.39595e+04 9.68326e-01
-1.39445e+04 9.68359e-01
-1.39295e+04 9.68392e-01
-1.39145e+04 9.68425e-01
-1.38995e+04 9.68458e-01
-1.38844e+04 9.68491e-01
-1.38694e+04 9.68524e-01
-1.38544e+04 9.68557e-01
-1.38394e+04 9.68590e-01
-1.38243e+04 9.68623e-01
-1.38093e+04 9.68656e-01
-1.37943e+04 9.68689e-01
-1.37793e+04 9.68722e-01
-1.37642e+04 9.68755e-01
-1.37492e+04 9.68788e-01
-1.37342e+04 9.68821e-01
-1.37192e+04 9.68854e-01
-1.37041e+04 9.68887e-01
-1.36891e+04 9.68920e-01
-1.36741e+04 9.68953e-01
-1.36591e+04 9.68986e-01
-1.36440e+04 9.69019e-01
-1.36290e+04 9.69052e-01
-1.36140e+04 9.69085e-01
-1.35990e+04 9.69118e-01
-1.35839e+04 9.69151e-01
-1.35689e+04 9.69184e-01
-1.35539e+04 9.69217e-01
-1.35389e+04 9.69250e-01
-1.35239e+04 9.69283e-01
-1.35088e+04 9.69316e-01
-1.34938e+04 9.69349e-01
-1.34788e+04 9.69382e-01
-1.34638e+04 9.69415e-01
-1.34487e+04 9.69448e-01
-1.34337e+04 9.69481e-01
-1.34187e+04 9.69514e-01
-1.34037e+04 9.69547e-01
-1.33886e+04 9.69579e-01
-1.33736e+04 9.69612e-01
-1.33585e+04 9.69644e-01
-1.33435e+04 9.69677e-01
-1.33284e+04 9.69710e-01
-1.33134e+04 9.69742e-01
-1.32983e+04 9.69775e-01
-1.32833e+04 9.69807e-01
-1.32682e+04 9.69840e-01
-1.32532e+04 9.69872e-01
-1.32381e+04 9.69905e-01
-1.32231e+04 9.69937e-01
-1.32080e+04 9.69970e-01
-1.31930e+04 9.70003e-01
-1.31779e+04 9.70035e-01
-1.31629e+04 9.70068e-01
-1.31478e+04 9.70100e-01
-1.31328e+04 9.70133e-01
-1.31177e+04 9.70165e-01
-1.31027e+04 9.70198e-01
-1.30876e+04 9.70230e-01
-1.30726e+04 9.70263e-01
-1.30575e+04 9.70296e-01
-1.30425e+04 9.70328e-01
-1.30274e+04 9.70361e-01
-1.30124e+04 9.70393e-01
-1.29973e+04 9.70426e-01
-1.29823e+04 9.70458e-01
-1.29672e+04 9.70491e-01
-1.29522e+04 9.70523e-01
-1.29371e+04 9.70556e-01
-1.29221e+04 9.70588e-01
-1.29070e+04 9.70621e-01
-1.28920e+04 9.70654e-01
-1.28769e+04 9.70686e-01
-1.28619e+04 9.70719e-01
-1.28468e+04 9.70751e-01
-1.28318e+04 9.70784e-01
-1.28167e+04 9.70816e-01
-1.28017e+04 9.70849e-01
-1.27866e+04 9.70881e-01
-1.27716e+04 9.70914e-01
-1.27565e+04 9.70947e-01
-1.27415e+04 9.70979e-01
-1.27264e+04 9.71012e-01
-1.27114e+04 9.71044e-01
-1.26963e+04 9.71077e-01
-1.26813e+04 9.71109e-01
-1.26662e+04 9.71142e-01
-1.26512e+04 9.71174e-01
-1.26361e+04 9.71207e-01
-1.26211e+04 9.71240e-01
-1.26060e+04 9.71272e-01
-1.25910e+04 9.71305e-01
-1.25759e+04 9.71337e-01
-1.25609e+04 9.71370e-01
-1.25458e+04 9.71402e-01
-1.25308e+04 9.71435e-01
-1.25157e+04 9.71467e-01
-1.25007e+04 9.71500e-01
-1.24856e+04 9.71532e-01
-1.24706e+04 9.71565e-01
-1.24555e+04 9.71598e-01
-1.24405e+04 9.71630e-01
-1.24254e+04 9.71663e-01
-1.24104e+04 9.71695e-01
-1.23953e+04 9.71728e-01
-1.23803e+04 9.71760e-01
-1.23653e+04 9.71793e-01
-1.23502e+04 9.71825e-01
-1.23352e+04 9.71858e-01
-1.23201e+04 9.71891e-01
-1.23051e+04 9.71923e-01
-1.22900e+04 9.71956e-01
-1.22750e+04 9.71988e-01
-1.22599e+04 9.72021e-01
-1.22449e+04 9.72053e-01
-1.22298e+04 9.72086e-01
-1.22148e+04 9.72118e-01
-1.21997e+04 9.72151e-01
-1.21847e+04 9.72184e-01
-1.21696e+04 9.72216e-01
-1.21546e+04 9.72249e-01
-1.21395e+04 9.72281e-01
-1.21245e+04 9.72314e-01
-1.21094e+04 9.72346e-01
-1.20944e+04 9.72379e-01
-1.20793e+04 9.72411e-01
-1.20643e+04 9.72444e-01
-1.20492e+04 9.72477e-01
-1.20342e+04 9.72509e-01
-1.20191e+04 9.72542e-01
-1.20041e+04 9.72574e-01
-1.19890e+04 9.72607e-01
-1.19740e+04 9.72639e-01
-1.19589e+04 9.72672e-01
-1.19439e+04 9.72704e-01
-1.19288e+04 9.72737e-01
-1.19138e+04 9.72769e-01
-1.18987e+04 9.72802e-01
-1.18837e+04 9.72835e-01
-1.18686e+04 9.72867e-01
-1.18536e+04 9.72900e-01
-1.18385e+04 9.72932e-01
-1.18235e+04 9.72965e-01
-1.18084e+04 9.72997e-01
-1.17934e+04 9.73030e-01
-1.17783e+04 9.73062e-01
-1.17633e+04 9.73095e-01
-1.17482e+04 9.73128e-01
-1.17332e+04 9.73160e-01
-1.17181e+04 9.73193e-01
-1.17031e+04 9.73225e-01
-1.16880e+04 9.73258e-01
-1.16730e+04 9.73290e-01
-1.16579e+04 9.73323e-01
-1.16429e+04 9.73355e-01
-1.16278e+04 9.73388e-01
-1.16128e+04 9.73421e-01
-1.15977e+04 9.73453e-01
-1.15827e+04 9.73486e-01
-1.15676e+04 9.73518e-01
-1.15526e+04 9.73551e-01
-1.15375e+04 9.73583e-01
-1.15225e+04 9.73616e-01
-1.15074e+04 9.73648e-01
-1.14924e+04 9.73681e-01
-1.14773e+04 9.73714e-01
-1.14623e+04 9.73746e-01
-1.14472e+04 9.73779e-01
-1.14322e+04 9.73811e-01
-1.14171e+04 9.73844e-01
-1.14021e+04 9.73876e-01
-1.13870e+04 9.73909e-01
-1.13720e+04 9.73941e-01
-1.13569e+04 9.73974e-01
-1.13419e+04 9.74006e-01
-1.13268e+04 9.74039e-01
-1.13118e+04 9.74072e-01
-1.12967e+04 9.74104e-01
-1.12817e+04 9.74137e-01
-1.12666e+04 9.74169e-01
-1.12516e+04 9.74202e-01
-1.12365e+04 9.74234e-01
-1.12215e+04 9.74267e-01
-1.12064e+04 9.74299e-01
-1.11914e+04 9.74332e-01
-1.11763e+04 9.74365e-01
-1.11613e+04 9.74397e-01
-1.11462e+04 9.74430e-01
-1.11312e+04 9.74462e-01
-1.11161e+04 9.74495e-01
-1.11011e+04 9.74527e-01
-1.10861e+04 9.74560e-01
-1.10710e+04 9.74592e-01
-1.10560e+04 9.74625e-01
-1.10409e+04 9.74658e-01
-1.10259e+04 9.74690e-01
-1.10108e+04 9.74723e-01
-1.09958e+04 9.74755e-01
-1.09807e+04 9.74788e-01
-1.09657e+04 9.74820e-01
-1.09506e+04 9.74853e-01
-1.09356e+04 9.74885e-01
-1.09205e+04 9.74918e-01
-1.09055e+04 9.74951e-01
-1.08904e+04 9.74983e-01
-1.08754e+04 9.75016e-01
-1.08603e+04 9.75048e-01
-1.08453e+04 9.75081e-01
-1.08302e+04 9.75113e-01
-1.08152e+04 9.75146e-01
-1.08001e+04 9.75178e-01
-1.07851e+04 9.75211e-01
-1.07700e+04 9.75243e-01
-1.07550e+04 9.75276e-01
-1.07399e+04 9.75309e-01
-1.07249e+04 9.75341e-01
-1.07098e+04 9.75374e-01
-1.06948e+04 9.75406e-01
-1.06797e+04 9.75439e-01
-1.06647e+04 9.75471e-01
-1.06496e+04 9.75504e-01
-1.06346e+04 9.75536e-01
-1.06195e+04 9.75569e-01
-1.06045e+04 9.75602e-01
-1.05894e+04 9.75634e-01
-1.05744e+04 9.75667e-01
-1.05593e+04 9.75699e-01
-1.05443e+04 9.75732e-01
-1.05292e+04 9.75764e-01
-1.05142e+04 9.75797e-01
-1.04991e+04 9.75829e-01
-1.04841e+04 9.75862e-01
-1.04690e+04 9.75895e-01
-1.04540e+04 9.75927e-01
-1.04389e+04 9.75960e-01
-1.04239e+04 9.75992e-01
-1.04088e+04 9.76025e-01
-1.03938e+04 9.76057e-01
-1.03787e+04 9.76089e-01
-1.03636e+04 9.76122e-01
-1.03486e+04 9.76154e-01
-1.03335e+04 9.76186e-01
-1.03184e+04 9.76219e-01
-1.03034e+04 9.76251e-01
-1.02883e+04 9.76283e-01
-1.02733e+04 9.76316e-01
-1.02582e+04 9.76348e-01
-1.02431e+04 9.76380e-01
-1.02281e+04 9.76412e-01
-1.02130e+04 9.76445e-01
-1.01979e+04 9.76477e-01
-1.01829e+04 9.76509e-01
-1.01678e+04 9.76542e-01
-1.01528e+04 9.76574e-01
-1.01377e+04 9.76606e-01
-1.01226e+04 9.76639e-01
-1.01076e+04 9.76671e-01
-1.00925e+04 9.76703e-01
-1.00774e+04 9.76735e-01
-1.00624e+04 9.76768e-01
-1.00473e+04 9.76800e-01
-1.00323e+04 9.76832e-01
-1.00172e+04 9.76865e-01
-1.00021e+04 9.76897e-01
-9.98706e+03 9.76929e-01
-9.97200e+03 9.76962e-01
-9.95694e+03 9.76994e-01
-9.94187e+03 9.77026e-01
-9.92681e+03 9.77059e-01
-9.91175e+03 9.77091e-01
-9.89668e+03 9.77123e-01
-9.88162e+03 9.77155e-01
-9.86656e+03 9.77188e-01
-9.85150e+03 9.77220e-01
-9.83643e+03 9.77252e-01
-9.82137e+03 9.77285e-01
-9.80631e+03 9.77317e-01
-9.79124e+03 9.77349e-01
-9.77618e+03 9.77382e-01
-9.76112e+03 9.77414e-01
-9.74605e+03 9.77446e-01
-9.73099e+03 9.77479e-01
-9.71593e+03 9.77511e-01
-9.70087e+03 9.77543e-01
-9.68580e+03 9.77575e-01
-9.67074e+03 9.77608e-01
-9.65568e+03 9.77640e-01
-9.64061e+03 9.77672e-01
-9.62555e+03 9.77705e-01
-9.61049e+03 9.77737e-01
-9.59542e+03 9.77769e-01
-9.58036e+03 9.77802e-01
-9.56530e+03 9.77834e-01
-9.55024e+03 9.77866e-01
-9.53517e+03 9.77899e-01
-9.52011e+03 9.77931e-01
-9.50505e+03 9.77963e-01
-9.48998e+03 9.77995e-01
-9.47492e+03 9.78028e-01
-9.45986e+03 9.78060e-01
-9.44479e+03 9.78092e-01
-9.42973e+03 9.78125e-01
-9.41467e+03 9.78157e-01
-9.39961e+03 9.78189e-01
-9.38454e+03 9.78222e-01
-9.36948e+03 9.78254e-01
-9.35442e+03 9.78286e-01
-9.33935e+03 9.78319e-01
-9.32429e+03 9.78351e-01
-9.30923e+03 9.78383e-01
-9.29416e+03 9.78415e-01
-9.27910e+03 9.78448e-01
-9.26404e+03 9.78479e-01
-9.24898e+03 9.78511e-01
-9.23391e+03 9.78542e-01
-9.21885e+03 9.78574e-01
-9.20379e+03 9.78605e-01
-9.18872e+03 9.78637e-01
-9.17366e+03 9.78668e-01
-9.15860e+03 9.78700e-01
-9.14353e+03 9.78731e-01
-9.12847e+03 9.78763e-01
-9.11341e+03 9.78795e-01
-9.09835e+03 9.78826e-01
-9.08328e+03 9.78858e-01
-9.06822e+03 9.78889e-01
-9.05316e+03 9.78921e-01
-9.03809e+03 9.78952e-01
-9.02303e+03 9.78984e-01
-9.00797e+03 9.79015e-01
-8.99291e+03 9.79047e-01
-8.97784e+03 9.79079e-01
-8.96278e+03 9.79110e-01
-8.94772e+03 9.79142e-01
-8.93265e+03 9.79173e-01
-8.91759e+03 9.79205e-01
-8.90253e+03 9.79236e-01
-8.88746e+03 9.79268e-01
-8.87240e+03 9.79299e-01
-8.85734e+03 9.79331e-01
-8.84228e+03 9.79363e-01
-8.82721e+03 9.79394e-01
-8.81215e+03 9.79426e-01
-8.79709e+03 9.79457e-01
-8.78202e+03 9.79489e-01
-8.76696e+03 9.79520e-01
-8.75190e+03 9.79552e-01
-8.73683e+03 9.79583e-01
-8.72177e+03 9.79615e-01
-8.70671e+03 9.79647e-01
-8.69165e+03 9.79678e-01
-8.67658e+03 9.79710e-01
-8.66152e+03 9.79741e-01
-8.64646e+03 9.79773e-01
-8.63139e+03 9.79804e-01
-8.61633e+03 9.79836e-01
-8.60127e+03 9.79867e-01
-8.58620e+03 9.79899e-01
-8.57114e+03 9.79930e-01
-8.55608e+03 9.79962e-01
-8.54102e+03 9.79994e-01
-8.52595e+03 9.80025e-01
-8.51089e+03 9.80057e-01
-8.49583e+03 9.80088e-01
-8.48076e+03 9.80120e-01
-8.46570e+03 9.80151e-01
-8.45064e+03 9.80183e-01
-8.43557e+03 9.80214e-01
-8.42051e+03 9.80246e-01
-8.40545e+03 9.80278e-01
-8.39039e+03 9.80309e-01
-8.37532e+03 9.80341e-01
-8.36026e+03 9.80372e-01
-8.34520e+03 9.80404e-01
-8.33013e+03 9.80435e-01
-8.31507e+03 9.80467e-01
-8.30001e+03 9.80498e-01
-8.28494e+03 9.80530e-01
-8.26988e+03 9.80562e-01
-8.25482e+03 9.80593e-01
-8.23976e+03 9.80625e-01
-8.22469e+03 9.80656e-01
-8.20963e+03 9.80688e-01
-8.19457e+03 9.80719e-01
-8.17950e+03 9.80751e-01
-8.16444e+03 9.80782e-01
-8.14938e+03 9.80814e-01
-8.13431e+03 9.80846e-01
-8.11925e+03 9.80877e-01
-8.10419e+03 9.80909e-01
-8.08913e+03 9.80940e-01
-8.07406e+03 9.80972e-01
-8.05900e+03 9.81003e-01
-8.04394e+03 9.81035e-01
-8.02887e+03 9.81066e-01
-8.01381e+03 9.81098e-01
-7.99875e+03 9.81129e-01
-7.98368e+03 9.81161e-01
-7.96862e+03 9.81193e-01
-7.95356e+03 9.81224e-01
-7.93850e+03 9.81256e-01
-7.92343e+03 9.81287e-01
-7.90837e+03 9.81319e-01
-7.89331e+03 9.81350e-01
-7.87824e+03 9.81382e-01
-7.86318e+03 9.81413e-01
-7.84812e+03 9.81445e-01
-7.83305e+03 9.81477e-01
-7.81799e+03 9.81508e-01
-7.80293e+03 9.81540e-01
-7.78787e+03 9.81571e-01
-7.77280e+03 9.81603e-01
-7.75774e+03 9.81634e-01
-7.74268e+03 9.81666e-01
-7.72761e+03 9.81697e-01
-7.71255e+03 9.81729e-01
-7.69749e+03 9.81761e-01
-7.68242e+03 9.81792e-01
-7.66736e+03 9.81824e-01
-7.65230e+03 9.81855e-01
-7.63724e+03 9.81887e-01
-7.62217e+03 9.81918e-01
-7.60711e+03 9.81950e-01
-7.59205e+03 9.81981e-01
-7.57698e+03 9.82013e-01
-7.56192e+03 9.82045e-01
-7.54686e+03 9.82076e-01
-7.53179e+03 9.82108e-01
-7.51673e+03 9.82139e-01
-7.50167e+03 9.82171e-01
-7.48661e+03 9.82202e-01
-7.47154e+03 9.82234e-01
-7.45648e+03 9.82265e-01
-7.44142e+03 9.82297e-01
-7.42635e+03 9.82329e-01
-7.41122e+03 9.82360e-01
-7.39609e+03 9.82391e-01
-7.38096e+03 9.82423e-01
-7.36583e+03 9.82454e-01
-7.35069e+03 9.82485e-01
-7.33556e+03 9.82517e-01
-7.32043e+03 9.82548e-01
-7.30530e+03 9.82580e-01
-7.29017e+03 9.82611e-01
-7.27503e+03 9.82642e-01
-7.25990e+03 9.82674e-01
-7.24477e+03 9.82705e-01
-7.22964e+03 9.82736e-01
-7.21451e+03 9.82768e-01
-7.19937e+03 9.82799e-01
-7.18424e+03 9.82831e-01
-7.16911e+03 9.82862e-01
-7.15398e+03 9.82893e-01
-7.13885e+03 9.82925e-01
-7.12371e+03 9.82956e-01
-7.10858e+03 9.82988e-01
-7.09345e+03 9.83019e-01
-7.07832e+03 9.83050e-01
-7.06319e+03 9.83082e-01
-7.04805e+03 9.83113e-01
-7.03292e+03 9.83144e-01
-7.01779e+03 9.83176e-01
-7.00266e+03 9.83207e-01
-6.98753e+03 9.83239e-01
-6.97239e+03 9.83270e-01
-6.95726e+03 9.83301e-01
-6.94213e+03 9.83333e-01
-6.92700e+03 9.83364e-01
-6.91187e+03 9.83395e-01
-6.89673e+03 9.83427e-01
-6.88160e+03 9.83458e-01
-6.86647e+03 9.83490e-01
-6.85134e+03 9.83521e-01
-6.83621e+03 9.83552e-01
-6.82107e+03 9.83584e-01
-6.80594e+03 9.83615e-01
-6.79081e+03 9.83647e-01
-6.77568e+03 9.83678e-01
-6.76055e+03 9.83709e-01
-6.74541e+03 9.83741e-01
-6.73028e+03 9.83772e-01
-6.71515e+03 9.83803e-01
-6.70002e+03 9.83835e-01
-6.68489e+03 9.83866e-01
-6.66975e+03 9.83898e-01
-6.65462e+03 9.83929e-01
-6.63949e+03 9.83960e-01
-6.62436e+03 9.83992e-01
-6.60923e+03 9.84023e-01
-6.59409e+03 9.84054e-01
-6.57896e+03 9.84091e-01
-6.56383e+03 9.84128e-01
-6.54870e+03 9.84166e-01
-6.53357e+03 9.84203e-01
-6.51843e+03 9.84240e-01
-6.50330e+03 9.84278e-01
-6.48817e+03 9.84315e-01
-6.47304e+03 9.84353e-01
-6.45791e+03 9.84390e-01
-6.44277e+03 9.84427e-01
-6.42764e+03 9.84465e-01
-6.41251e+03 9.84502e-01
-6.39738e+03 9.84539e-01
-6.38225e+03 9.84577e-01
-6.36711e+03 9.84614e-01
-6.35198e+03 9.84652e-01
-6.33685e+03 9.84689e-01
-6.32172e+03 9.84726e-01
-6.30659e+03 9.84764e-01
-6.29145e+03 9.84801e-01
-6.27632e+03 9.84838e-01
-6.26119e+03 9.84876e-01
-6.24606e+03 9.84913e-01
-6.23093e+03 9.84951e-01
-6.21579e+03 9.84988e-01
-6.20066e+03 9.85025e-01
-6.18553e+03 9.85063e-01
-6.17040e+03 9.85100e-01
-6.15527e+03 9.85138e-01
-6.14013e+03 9.85175e-01
-6.12500e+03 9.85212e-01
-6.10987e+03 9.85250e-01
-6.09474e+03 9.85287e-01
-6.07961e+03 9.85324e-01
-6.06447e+03 9.85362e-01
-6.04934e+03 9.85399e-01
-6.03421e+03 9.85437e-01
-6.01908e+03 9.85474e-01
-6.00395e+03 9.85511e-01
-5.98881e+03 9.85549e-01
-5.97368e+03 9.85586e-01
-5.95855e+03 9.85623e-01
-5.94342e+03 9.85661e-01
-5.92829e+03 9.85698e-01
-5.91315e+03 9.85736e-01
-5.89809e+03 9.85772e-01
-5.88302e+03 9.85809e-01
-5.86796e+03 9.85846e-01
-5.85289e+03 9.85883e-01
-5.83783e+03 9.85919e-01
-5.82276e+03 9.85956e-01
-5.80769e+03 9.85993e-01
-5.79263e+03 9.86029e-01
-5.77756e+03 9.86066e-01
-5.76250e+03 9.86103e-01
-5.74743e+03 9.86140e-01
-5.73237e+03 9.86176e-01
-5.71730e+03 9.86213e-01
-5.70223e+03 9.86250e-01
-5.68717e+03 9.86287e-01
-5.67210e+03 9.86323e-01
-5.65704e+03 9.86360e-01
-5.64197e+03 9.86397e-01
-5.62691e+03 9.86434e-01
-5.61184e+03 9.86470e-01
-5.59677e+03 9.86507e-01
-5.58171e+03 9.86544e-01
-5.56664e+03 9.86580e-01
-5.55158e+03 9.86617e-01
-5.53651e+03 9.86654e-01
-5.52145e+03 9.86691e-01
-5.50638e+03 9.86727e-01
-5.49131e+03 9.86764e-01
-5.47625e+03 9.86801e-01
-5.46118e+03 9.86838e-01
-5.44612e+03 9.86874e-01
-5.43105e+03 9.86911e-01
-5.41599e+03 9.86948e-01
-5.40092e+03 9.86985e-01
-5.38585e+03 9.87021e-01
-5.37079e+03 9.87058e-01
-5.35572e+03 9.87095e-01
-5.34066e+03 9.87131e-01
-5.32559e+03 9.87168e-01
-5.31053e+03 9.87205e-01
-5.29546e+03 9.87242e-01
-5.28040e+03 9.87278e-01
-5.26533e+03 9.87315e-01
-5.25026e+03 9.87352e-01
-5.23520e+03 9.87389e-01
-5.22013e+03 9.87425e-01
-5.20507e+03 9.87462e-01
-5.19000e+03 9.87499e-01
-5.17494e+03 9.87536e-01
-5.15987e+03 9.87572e-01
-5.14480e+03 9.87609e-01
-5.12974e+03 9.87646e-01
-5.11467e+03 9.87683e-01
-5.09961e+03 9.87719e-01
-5.08454e+03 9.87756e-01
-5.06948e+03 9.87793e-01
-5.05441e+03 9.87829e-01
-5.03934e+03 9.87866e-01
-5.02428e+03 9.87903e-01
-5.00921e+03 9.87940e-01
-4.99415e+03 9.87976e-01
-4.97908e+03 9.88013e-01
-4.96402e+03 9.88050e-01
-4.94895e+03 9.88087e-01
-4.93388e+03 9.88123e-01
-4.91882e+03 9.88160e-01
-4.90375e+03 9.88197e-01
-4.88869e+03 9.88234e-01
-4.87362e+03 9.88270e-01
-4.85856e+03 9.88307e-01
-4.84349e+03 9.88344e-01
-4.82842e+03 9.88380e-01
-4.81336e+03 9.88417e-01
-4.79829e+03 9.88454e-01
-4.78323e+03 9.88491e-01
-4.76816e+03 9.88527e-01
-4.75310e+03 9.88564e-01
-4.73803e+03 9.88601e-01
-4.72297e+03 9.88638e-01
-4.70790e+03 9.88674e-01
-4.69283e+03 9.88711e-01
-4.67777e+03 9.88748e-01
-4.66270e+03 9.88785e-01
-4.64764e+03 9.88821e-01
-4.63257e+03 9.88858e-01
-4.61751e+03 9.88895e-01
-4.60244e+03 9.88931e-01
-4.58737e+03 9.88968e-01
-4.57231e+03 9.89005e-01
-4.55724e+03 9.89042e-01
-4.54218e+03 9.89078e-01
-4.52711e+03 9.89115e-01
-4.51205e+03 9.89152e-01
-4.49698e+03 9.89189e-01
-4.48191e+03 9.89225e-01
-4.46685e+03 9.89262e-01
-4.45178e+03 9.89299e-01
-4.43672e+03 9.89336e-01
-4.42165e+03 9.89372e-01
-4.40659e+03 9.89409e-01
-4.39151e+03 9.89446e-01
-4.37643e+03 9.89482e-01
-4.36135e+03 9.89519e-01
-4.34627e+03 9.89556e-01
-4.33119e+03 9.89592e-01
-4.31611e+03 9.89629e-01
-4.30103e+03 9.89666e-01
-4.28595e+03 9.89702e-01
-4.27088e+03 9.89739e-01
-4.25580e+03 9.89775e-01
-4.24072e+03 9.89812e-01
-4.22564e+03 9.89849e-01
-4.21056e+03 9.89885e-01
-4.19548e+03 9.89922e-01
-4.18040e+03 9.89959e-01
-4.16532e+03 9.89995e-01
-4.15024e+03 9.90032e-01
-4.13517e+03 9.90069e-01
-4.12009e+03 9.90105e-01
-4.10501e+03 9.90142e-01
-4.08993e+03 9.90179e-01
-4.07485e+03 9.90215e-01
-4.05977e+03 9.90252e-01
-4.04469e+03 9.90288e-01
-4.02961e+03 9.90325e-01
-4.01453e+03 9.90362e-01
-3.99946e+03 9.90398e-01
-3.98438e+03 9.90435e-01
-3.96930e+03 9.90472e-01
-3.95422e+03 9.90508e-01
-3.93914e+03 9.90545e-01
-3.92406e+03 9.90582e-01
-3.90898e+03 9.90618e-01
-3.89390e+03 9.90655e-01
-3.87882e+03 9.90692e-01
-3.86375e+03 9.90728e-01
-3.84867e+03 9.90765e-01
-3.83359e+03 9.90801e-01
-3.81851e+03 9.90838e-01
-3.80343e+03 9.90875e-01
-3.78835e+03 9.90911e-01
-3.77327e+03 9.90948e-01
-3.75819e+03 9.90985e-01
-3.74311e+03 9.91021e-01
-3.72803e+03 9.91058e-01
-3.71296e+03 9.91095e-01
-3.69788e+03 9.91131e-01
-3.68280e+03 9.91168e-01
-3.66772e+03 9.91205e-01
-3.65264e+03 9.91241e-01
-3.63756e+03 9.91278e-01
-3.62248e+03 9.91314e-01
-3.60740e+03 9.91351e-01
-3.59232e+03 9.91388e-01
-3.57725e+03 9.91424e-01
-3.56217e+03 9.91461e-01
-3.54709e+03 9.91498e-01
-3.53201e+03 9.91534e-01
-3.51693e+03 9.91571e-01
-3.50185e+03 9.91608e-01
-3.48677e+03 9.91644e-01
-3.47169e+03 9.91681e-01
-3.45661e+03 9.91718e-01
-3.44154e+03 9.91754e-01
-3.42646e+03 9.91791e-01
-3.41138e+03 9.91827e-01
-3.39630e+03 9.91864e-01
-3.38127e+03 9.91900e-01
-3.36623e+03 9.91936e-01
-3.35120e+03 9.91972e-01
-3.33616e+03 9.92008e-01
-3.32113e+03 9.92044e-01
-3.30610e+03 9.92080e-01
-3.29106e+03 9.92116e-01
-3.27603e+03 9.92152e-01
-3.26100e+03 9.92187e-01
-3.24596e+03 9.92223e-01
-3.23093e+03 9.92259e-01
-3.21589e+03 9.92295e-01
-3.20086e+03 9.92331e-01
-3.18583e+03 9.92367e-01
-3.17079e+03 9.92403e-01
-3.15576e+03 9.92439e-01
-3.14073e+03 9.92475e-01
-3.12569e+03 9.92511e-01
-3.11066e+03 9.92547e-01
-3.09562e+03 9.92583e-01
-3.08059e+03 9.92619e-01
-3.06556e+03 9.92655e-01
-3.05052e+03 9.92691e-01
-3.03549e+03 9.92727e-01
-3.02046e+03 9.92762e-01
-3.00542e+03 9.92798e-01
-2.99039e+03 9.92834e-01
-2.97535e+03 9.92870e-01
-2.96032e+03 9.92906e-01
-2.94529e+03 9.92942e-01
-2.93025e+03 9.92978e-01
-2.91522e+03 9.93014e-01
-2.90019e+03 9.93050e-01
-2.88515e+03 9.93086e-01
-2.87004e+03 9.93122e-01
-2.85492e+03 9.93158e-01
-2.83980e+03 9.93194e-01
-2.82469e+03 9.93230e-01
-2.80957e+03 9.93266e-01
-2.79445e+03 9.93302e-01
-2.77934e+03 9.93339e-01
-2.76422e+03 9.93375e-01
-2.74911e+03 9.93411e-01
-2.73399e+03 9.93447e-01
-2.71887e+03 9.93483e-01
-2.70376e+03 9.93519e-01
-2.68864e+03 9.93555e-01
-2.67352e+03 9.93591e-01
-2.65841e+03 9.93627e-01
-2.64329e+03 9.93663e-01
-2.62817e+03 9.93700e-01
-2.61306e+03 9.93736e-01
-2.59794e+03 9.93772e-01
-2.58283e+03 9.93808e-01
-2.56771e+03 9.93844e-01
-2.55259e+03 9.93880e-01
-2.53748e+03 9.93916e-01
-2.52236e+03 9.93952e-01
-2.50724e+03 9.93988e-01
-2.49213e+03 9.94024e-01
-2.47701e+03 9.94061e-01
-2.46190e+03 9.94097e-01
-2.44678e+03 9.94133e-01
-2.43166e+03 9.94169e-01
-2.41655e+03 9.94205e-01
-2.40143e+03 9.94241e-01
-2.38635e+03 9.94277e-01
-2.37126e+03 9.94314e-01
-2.35618e+03 9.94350e-01
-2.34110e+03 9.94386e-01
-2.32601e+03 9.94422e-01
-2.31093e+03 9.94459e-01
-2.29584e+03 9.94495e-01
-2.28076e+03 9.94531e-01
-2.26568e+03 9.94567e-01
-2.25059e+03 9.94604e-01
-2.23551e+03 9.94640e-01
-2.22042e+03 9.94676e-01
-2.20534e+03 9.94712e-01
-2.19026e+03 9.94749e-01
-2.17517e+03 9.94785e-01
-2.16009e+03 9.94821e-01
-2.14501e+03 9.94857e-01
-2.12992e+03 9.94894e-01
-2.11484e+03 9.94930e-01
-2.09975e+03 9.94966e-01
-2.08467e+03 9.95002e-01
-2.06959e+03 9.95039e-01
-2.05450e+03 9.95075e-01
-2.03942e+03 9.95111e-01
-2.02433e+03 9.95147e-01
-2.00925e+03 9.95184e-01
-1.99417e+03 9.95220e-01
-1.97908e+03 9.95256e-01
-1.96400e+03 9.95292e-01
-1.94892e+03 9.95329e-01
-1.93383e+03 9.95365e-01
-1.91875e+03 9.95401e-01
-1.90366e+03 9.95437e-01
-1.88853e+03 9.95474e-01
-1.87339e+03 9.95510e-01
-1.85826e+03 9.95546e-01
-1.84313e+03 9.95583e-01
-1.82799e+03 9.95619e-01
-1.81286e+03 9.95655e-01
-1.79772e+03 9.95692e-01
-1.78259e+03 9.95728e-01
-1.76745e+03 9.95764e-01
-1.75232e+03 9.95801e-01
-1.73719e+03 9.95837e-01
-1.72205e+03 9.95874e-01
-1.70692e+03 9.95910e-01
-1.69178e+03 9.95946e-01
-1.67665e+03 9.95983e-01
-1.66151e+03 9.96019e-01
-1.64638e+03 9.96055e-01
-1.63124e+03 9.96092e-01
-1.61611e+03 9.96128e-01
-1.60098e+03 9.96164e-01
-1.58584e+03 9.96201e-01
-1.57071e+03 9.96237e-01
-1.55557e+03 9.96273e-01
-1.54044e+03 9.96310e-01
-1.52530e+03 9.96346e-01
-1.51017e+03 9.96382e-01
-1.49503e+03 9.96419e-01
-1.47990e+03 9.96455e-01
-1.46477e+03 9.96491e-01
-1.44963e+03 9.96528e-01
-1.43450e+03 9.96564e-01
-1.41936e+03 9.96601e-01
-1.40423e+03 9.96637e-01
-1.38907e+03 9.96673e-01
-1.37391e+03 9.96710e-01
-1.35874e+03 9.96747e-01
-1.34358e+03 9.96783e-01
-1.32842e+03 9.96820e-01
-1.31326e+03 9.96856e-01
-1.29810e+03 9.96893e-01
-1.28294e+03 9.96929e-01
-1.26778e+03 9.96966e-01
-1.25262e+03 9.97003e-01
-1.23746e+03 9.97039e-01
-1.22230e+03 9.97076e-01
-1.20714e+03 9.97112e-01
-1.19197e+03 9.97149e-01
-1.17681e+03 9.97186e-01
-1.16165e+03 9.97222e-01
-1.14649e+03 9.97259e-01
-1.13133e+03 9.97295e-01
-1.11617e+03 9.97332e-01
-1.10101e+03 9.97368e-01
-1.08585e+03 9.97405e-01
-1.07069e+03 9.97442e-01
-1.05553e+03 9.97478e-01
-1.04037e+03 9.97515e-01
-1.02520e+03 9.97551e-01
-1.01004e+03 9.97588e-01
-9.94882e+02 9.97624e-01
-9.79721e+02 9.97661e-01
-9.64561e+02 9.97698e-01
-9.49400e+02 9.97734e-01
-9.34239e+02 9.97771e-01
-9.19078e+02 9.97807e-01
-9.03917e+02 9.97844e-01
-8.88821e+02 9.97880e-01
-8.73725e+02 9.97917e-01
-8.58629e+02 9.97953e-01
-8.43533e+02 9.97990e-01
-8.28437e+02 9.98026e-01
-8.13342e+02 9.98063e-01
-7.98246e+02 9.98099e-01
-7.83150e+02 9.98136e-01
-7.68054e+02 9.98172e-01
-7.52958e+02 9.98209e-01
-7.37862e+02 9.98245e-01
-7.22766e+02 9.98282e-01
-7.07670e+02 9.98318e-01
-6.92574e+02 9.98355e-01
-6.77479e+02 9.98391e-01
-6.62383e+02 9.98428e-01
-6.47287e+02 9.98464e-01
-6.32191e+02 9.98501e-01
-6.17095e+02 9.98537e-01
-6.01999e+02 9.98574e-01
-5.86903e+02 9.98610e-01
-5.71807e+02 9.98647e-01
-5.56711e+02 9.98683e-01
-5.41616e+02 9.98720e-01
-5.26520e+02 9.98756e-01
-5.11424e+02 9.98793e-01
-4.96328e+02 9.98829e-01
-4.81232e+02 9.98865e-01
-4.66136e+02 9.98901e-01
-4.51040e+02 9.98937e-01
-4.35944e+02 9.98972e-01
-4.20849e+02 9.99008e-01
-4.05753e+02 9.99044e-01
-3.90725e+02 9.99080e-01
-3.75697e+02 9.99115e-01
-3.60669e+02 9.99150e-01
-3.45641e+02 9.99186e-01
-3.30613e+02 9.99221e-01
-3.15585e+02 9.99257e-01
-3.00558e+02 9.99292e-01
-2.85530e+02 9.99327e-01
-2.70502e+02 9.99363e-01
-2.55474e+02 9.99398e-01
-2.40446e+02 9.99434e-01
-2.25418e+02 9.99469e-01
-2.10390e+02 9.99504e-01
-1.95362e+02 9.99540e-01
-1.80335e+02 9.99575e-01
-1.65307e+02 9.99611e-01
-1.50279e+02 9.99646e-01
-1.35251e+02 9.99681e-01
-1.20223e+02 9.99717e-01
-1.05195e+02 9.99752e-01
-9.01673e+01 9.99788e-01
-7.51394e+01 9.99823e-01
-6.01115e+01 9.99858e-01
-4.50836e+01 9.99894e-01
-3.00558e+01 9.99929e-01
-1.50279e+01 9.99965e-01
0.00000e+00 1.00000e+00
1.50279e+01 1.00004e+00
3.00558e+01 1.00007e+00
4.50836e+01 1.00011e+00
6.01115e+01 1.00014e+00
7.51394e+01 1.00018e+00
9.01673e+01 1.00021e+00
1.05184e+02 1.00025e+00
1.20201e+02 1.00028e+00
1.35217e+02 1.00032e+00
1.50234e+02 1.00036e+00
1.65250e+02 1.00039e+00
1.80267e+02 1.00043e+00
1.95284e+02 1.00046e+00
2.10300e+02 1.00050e+00
2.25317e+02 1.00054e+00
2.40334e+02 1.00057e+00
2.55350e+02 1.00061e+00
2.70367e+02 1.00064e+00
2.85384e+02 1.00068e+00
3.00400e+02 1.00072e+00
3.15417e+02 1.00075e+00
3.30434e+02 1.00079e+00
3.45450e+02 1.00082e+00
3.60467e+02 1.00086e+00
3.75484e+02 1.00090e+00
3.90500e+02 1.00093e+00
4.05517e+02 1.00097e+00
4.20534e+02 1.00100e+00
4.35550e+02 1.00104e+00
4.50567e+02 1.00108e+00
4.65583e+02 1.00111e+00
4.80600e+02 1.00115e+00
4.95617e+02 1.00119e+00
5.10633e+02 1.00122e+00
5.25650e+02 1.00126e+00
5.40667e+02 1.00129e+00
5.55683e+02 1.00133e+00
5.70700e+02 1.00137e+00
5.85717e+02 1.00140e+00
6.00733e+02 1.00144e+00
6.15750e+02 1.00147e+00
6.30767e+02 1.00151e+00
6.45783e+02 1.00155e+00
6.60800e+02 1.00158e+00
6.75817e+02 1.00162e+00
6.90833e+02 1.00165e+00
7.05850e+02 1.00169e+00
7.20866e+02 1.00173e+00
7.35883e+02 1.00176e+00
7.50900e+02 1.00180e+00
7.65916e+02 1.00183e+00
7.80933e+02 1.00187e+00
7.95950e+02 1.00191e+00
8.10966e+02 1.00194e+00
8.25983e+02 1.00198e+00
8.41000e+02 1.00201e+00
8.56016e+02 1.00205e+00
8.71033e+02 1.00209e+00
8.86050e+02 1.00212e+00
9.01066e+02 1.00216e+00
9.16083e+02 1.00219e+00
9.31100e+02 1.00223e+00
9.46116e+02 1.00227e+00
9.61133e+02 1.00230e+00
9.76149e+02 1.00234e+00
9.91166e+02 1.00237e+00
1.00618e+03 1.00241e+00
1.02120e+03 1.00245e+00
1.03622e+03 1.00248e+00
1.05123e+03 1.00252e+00
1.06625e+03 1.00255e+00
1.08127e+03 1.00259e+00
1.09628e+03 1.00263e+00
1.11130e+03 1.00266e+00
1.12632e+03 1.00270e+00
1.14133e+03 1.00273e+00
1.15635e+03 1.00277e+00
1.17137e+03 1.00281e+00
1.18638e+03 1.00284e+00
1.20140e+03 1.00288e+00
1.21642e+03 1.00291e+00
1.23143e+03 1.00295e+00
1.24645e+03 1.00299e+00
1.26147e+03 1.00302e+00
1.27648e+03 1.00306e+00
1.29150e+03 1.00309e+00
1.30652e+03 1.00313e+00
1.32153e+03 1.00317e+00
1.33655e+03 1.00320e+00
1.35157e+03 1.00324e+00
1.36658e+03 1.00327e+00
1.38160e+03 1.00331e+00
1.39662e+03 1.00335e+00
1.41163e+03 1.00338e+00
1.42665e+03 1.00342e+00
1.44167e+03 1.00345e+00
1.45668e+03 1.00349e+00
1.47170e+03 1.00353e+00
1.48672e+03 1.00356e+00
1.50173e+03 1.00360e+00
1.51675e+03 1.00363e+00
1.53177e+03 1.00367e+00
1.54678e+03 1.00371e+00
1.56180e+03 1.00374e+00
1.57682e+03 1.00378e+00
1.59183e+03 1.00381e+00
1.60685e+03 1.00385e+00
1.62187e+03 1.00389e+00
1.63688e+03 1.00392e+00
1.65190e+03 1.00396e+00
1.66692e+03 1.00399e+00
1.68193e+03 1.00403e+00
1.69695e+03 1.00407e+00
1.71197e+03 1.00410e+00
1.72698e+03 1.00414e+00
1.74200e+03 1.00418e+00
1.75702e+03 1.00421e+00
1.77203e+03 1.00425e+00
1.78705e+03 1.00428e+00
1.80207e+03 1.00432e+00
1.81708e+03 1.00436e+00
1.83210e+03 1.00439e+00
1.84712e+03 1.00443e+00
1.86213e+03 1.00446e+00
1.87715e+03 1.00450e+00
1.89216e+03 1.00454e+00
1.90718e+03 1.00457e+00
1.92220e+03 1.00461e+00
1.93721e+03 1.00464e+00
1.95223e+03 1.00468e+00
1.96725e+03 1.00472e+00
1.98226e+03 1.00475e+00
1.99728e+03 1.00479e+00
2.01230e+03 1.00482e+00
2.02731e+03 1.00486e+00
2.04233e+03 1.00490e+00
2.05735e+03 1.00493e+00
2.07236e+03 1.00497e+00
2.08738e+03 1.00500e+00
2.10240e+03 1.00504e+00
2.11741e+03 1.00508e+00
2.13243e+03 1.00511e+00
2.14745e+03 1.00515e+00
2.16246e+03 1.00518e+00
2.17748e+03 1.00522e+00
2.19250e+03 1.00526e+00
2.20751e+03 1.00529e+00
2.22253e+03 1.00533e+00
2.23755e+03 1.00536e+00
2.25256e+03 1.00540e+00
2.26758e+03 1.00544e+00
2.28260e+03 1.00547e+00
2.29761e+03 1.00551e+00
2.31263e+03 1.00554e+00
2.32765e+03 1.00558e+00
2.34266e+03 1.00562e+00
2.35768e+03 1.00565e+00
2.37270e+03 1.00569e+00
2.38771e+03 1.00572e+00
2.40273e+03 1.00576e+00
2.41775e+03 1.00580e+00
2.43276e+03 1.00583e+00
2.44778e+03 1.00587e+00
2.46280e+03 1.00590e+00
2.47781e+03 1.00594e+00
2.49283e+03 1.00598e+00
2.50785e+03 1.00601e+00
2.52286e+03 1.00605e+00
2.53788e+03 1.00608e+00
2.55290e+03 1.00612e+00
2.56791e+03 1.00616e+00
2.58293e+03 1.00619e+00
2.59795e+03 1.00623e+00
2.61296e+03 1.00626e+00
2.62798e+03 1.00630e+00
2.64300e+03 1.00634e+00
2.65801e+03 1.00637e+00
2.67303e+03 1.00641e+00
2.68805e+03 1.00644e+00
2.70306e+03 1.00648e+00
2.71808e+03 1.00652e+00
2.73310e+03 1.00655e+00
2.74811e+03 1.00659e+00
2.76313e+03 1.00662e+00
2.77815e+03 1.00666e+00
2.79316e+03 1.00670e+00
2.80818e+03 1.00673e+00
2.82320e+03 1.00677e+00
2.83821e+03 1.00680e+00
2.85323e+03 1.00684e+00
2.86825e+03 1.00688e+00
2.88326e+03 1.00691e+00
2.89828e+03 1.00695e+00
2.91330e+03 1.00699e+00
2.92831e+03 1.00702e+00
2.94333e+03 1.00706e+00
2.95835e+03 1.00709e+00
2.97336e+03 1.00713e+00
2.98838e+03 1.00717e+00
3.00340e+03 1.00720e+00
3.01841e+03 1.00724e+00
3.03343e+03 1.00727e+00
3.04845e+03 1.00731e+00
3.06346e+03 1.00735e+00
3.07848e+03 1.00738e+00
3.09350e+03 1.00742e+00
3.10851e+03 1.00745e+00
3.12353e+03 1.00749e+00
3.13855e+03 1.00753e+00
3.15356e+03 1.00756e+00
3.16858e+03 1.00760e+00
3.18360e+03 1.00763e+00
3.19861e+03 1.00767e+00
3.21363e+03 1.00771e+00
3.22865e+03 1.00774e+00
3.24366e+03 1.00778e+00
3.25868e+03 1.00781e+00
3.27370e+03 1.00785e+00
3.28871e+03 1.00789e+00
3.30373e+03 1.00792e+00
3.31875e+03 1.00796e+00
3.33376e+03 1.00799e+00
3.34878e+03 1.00803e+00
3.36380e+03 1.00807e+00
3.37881e+03 1.00810e+00
3.39383e+03 1.00814e+00
3.40885e+03 1.00817e+00
3.42386e+03 1.00821e+00
3.43888e+03 1.00825e+00
3.45390e+03 1.00828e+00
3.46891e+03 1.00832e+00
3.48393e+03 1.00835e+00
3.49895e+03 1.00839e+00
3.51396e+03 1.00843e+00
3.52898e+03 1.00846e+00
3.54400e+03 1.00850e+00
3.55901e+03 1.00853e+00
3.57403e+03 1.00857e+00
3.58905e+03 1.00861e+00
3.60406e+03 1.00864e+00
3.61908e+03 1.00868e+00
3.63410e+03 1.00871e+00
3.64911e+03 1.00875e+00
3.66413e+03 1.00879e+00
3.67915e+03 1.00882e+00
3.69416e+03 1.00886e+00
3.70918e+03 1.00889e+00
3.72420e+03 1.00893e+00
3.73921e+03 1.00897e+00
3.75423e+03 1.00900e+00
3.76925e+03 1.00904e+00
3.78426e+03 1.00907e+00
3.79928e+03 1.00911e+00
3.81430e+03 1.00915e+00
3.82931e+03 1.00918e+00
3.84433e+03 1.00922e+00
3.85935e+03 1.00925e+00
3.87436e+03 1.00929e+00
3.88938e+03 1.00933e+00
3.90440e+03 1.00936e+00
3.91941e+03 1.00940e+00
3.93443e+03 1.00943e+00
3.94945e+03 1.00947e+00
3.96446e+03 1.00951e+00
3.97948e+03 1.00954e+00
3.99450e+03 1.00958e+00
4.00951e+03 1.00961e+00
4.02453e+03 1.00965e+00
4.03955e+03 1.00969e+00
4.05456e+03 1.00972e+00
4.06958e+03 1.00976e+00
4.08460e+03 1.00979e+00
4.09961e+03 1.00983e+00
4.11463e+03 1.00987e+00
4.12965e+03 1.00990e+00
4.14466e+03 1.00994e+00
4.15968e+03 1.00998e+00
4.17470e+03 1.01001e+00
4.18971e+03 1.01005e+00
4.20473e+03 1.01008e+00
4.21975e+03 1.01012e+00
4.23476e+03 1.01016e+00
4.24978e+03 1.01019e+00
4.26480e+03 1.01023e+00
4.27981e+03 1.01026e+00
4.29483e+03 1.01030e+00
4.30985e+03 1.01034e+00
4.32486e+03 1.01037e+00
4.33988e+03 1.01041e+00
4.35490e+03 1.01044e+00
4.36991e+03 1.01048e+00
4.38493e+03 1.01052e+00
4.39995e+03 1.01055e+00
4.41496e+03 1.01059e+00
4.42998e+03 1.01062e+00
4.44500e+03 1.01066e+00
4.46001e+03 1.01070e+00
4.47503e+03 1.01073e+00
4.49005e+03 1.01077e+00
4.50506e+03 1.01080e+00
4.52008e+03 1.01084e+00
4.53510e+03 1.01088e+00
4.55011e+03 1.01091e+00
4.56513e+03 1.01095e+00
4.58014e+03 1.01098e+00
4.59516e+03 1.01102e+00
4.61020e+03 1.01106e+00
4.62524e+03 1.01109e+00
4.64028e+03 1.01113e+00
4.65532e+03 1.01117e+00
4.67036e+03 1.01120e+00
4.68540e+03 1.01124e+00
4.70044e+03 1.01128e+00
4.71548e+03 1.01131e+00
4.73052e+03 1.01135e+00
4.74556e+03 1.01139e+00
4.76060e+03 1.01142e+00
4.77564e+03 1.01146e+00
4.79068e+03 1.01150e+00
4.80571e+03 1.01153e+00
4.82075e+03 1.01157e+00
4.83579e+03 1.01161e+00
4.85083e+03 1.01164e+00
4.86587e+03 1.01168e+00
4.88091e+03 1.01172e+00
4.89595e+03 1.01175e+00
4.91099e+03 1.01179e+00
4.92603e+03 1.01183e+00
4.94107e+03 1.01186e+00
4.95611e+03 1.01190e+00
4.97115e+03 1.01194e+00
4.98619e+03 1.01197e+00
5.00123e+03 1.01201e+00
5.01627e+03 1.01205e+00
5.03131e+03 1.01208e+00
5.04635e+03 1.01212e+00
5.06139e+03 1.01216e+00
5.07643e+03 1.01219e+00
5.09147e+03 1.01223e+00
5.10651e+03 1.01227e+00
5.12154e+03 1.01230e+00
5.13658e+03 1.01234e+00
5.15162e+03 1.01238e+00
5.16666e+03 1.01241e+00
5.18170e+03 1.01245e+00
5.19674e+03 1.01249e+00
5.21178e+03 1.01252e+00
5.22682e+03 1.01256e+00
5.24186e+03 1.01260e+00
5.25690e+03 1.01263e+00
5.27194e+03 1.01267e+00
5.28698e+03 1.01271e+00
5.30202e+03 1.01274e+00
5.31706e+03 1.01278e+00
5.33210e+03 1.01281e+00
5.34714e+03 1.01285e+00
5.36218e+03 1.01289e+00
5.37722e+03 1.01292e+00
5.39226e+03 1.01296e+00
5.40730e+03 1.01300e+00
5.42234e+03 1.01303e+00
5.43737e+03 1.01307e+00
5.45241e+03 1.01311e+00
5.46745e+03 1.01314e+00
5.48249e+03 1.01318e+00
5.49753e+03 1.01322e+00
5.51257e+03 1.01325e+00
5.52761e+03 1.01329e+00
5.54265e+03 1.01333e+00
5.55769e+03 1.01336e+00
5.57273e+03 1.01340e+00
5.58777e+03 1.01344e+00
5.60281e+03 1.01347e+00
5.61785e+03 1.01351e+00
5.63289e+03 1.01355e+00
5.64793e+03 1.01358e+00
5.66297e+03 1.01362e+00
5.67801e+03 1.01366e+00
5.69305e+03 1.01369e+00
5.70809e+03 1.01373e+00
5.72313e+03 1.01377e+00
5.73817e+03 1.01380e+00
5.75320e+03 1.01384e+00
5.76824e+03 1.01388e+00
5.78328e+03 1.01391e+00
5.79832e+03 1.01395e+00
5.81336e+03 1.01399e+00
5.82840e+03 1.01402e+00
5.84344e+03 1.01406e+00
5.85848e+03 1.01410e+00
5.87352e+03 1.01413e+00
5.88856e+03 1.01417e+00
5.90360e+03 1.01421e+00
5.91864e+03 1.01424e+00
5.93368e+03 1.01428e+00
5.94872e+03 1.01432e+00
5.96376e+03 1.01435e+00
5.97880e+03 1.01439e+00
5.99384e+03 1.01443e+00
6.00888e+03 1.01446e+00
6.02392e+03 1.01450e+00
6.03896e+03 1.01454e+00
6.05400e+03 1.01457e+00
6.06903e+03 1.01461e+00
6.08407e+03 1.01465e+00
6.09911e+03 1.01468e+00
6.11415e+03 1.01472e+00
6.12919e+03 1.01476e+00
6.14423e+03 1.01479e+00
6.15927e+03 1.01483e+00
6.17431e+03 1.01487e+00
6.18935e+03 1.01490e+00
6.20439e+03 1.01494e+00
6.21943e+03 1.01498e+00
6.23447e+03 1.01501e+00
6.24951e+03 1.01505e+00
6.26455e+03 1.01509e+00
6.27959e+03 1.01512e+00
6.29463e+03 1.01516e+00
6.30967e+03 1.01520e+00
6.32471e+03 1.01523e+00
6.33975e+03 1.01527e+00
6.35479e+03 1.01531e+00
6.36983e+03 1.01534e+00
6.38486e+03 1.01538e+00
6.39990e+03 1.01542e+00
6.41494e+03 1.01545e+00
6.42998e+03 1.01549e+00
6.44502e+03 1.01553e+00
6.46006e+03 1.01556e+00
6.47510e+03 1.01560e+00
6.49014e+03 1.01564e+00
6.50518e+03 1.01567e+00
6.52022e+03 1.01571e+00
6.53526e+03 1.01575e+00
6.55030e+03 1.01578e+00
6.56534e+03 1.01582e+00
6.58038e+03 1.01586e+00
6.59542e+03 1.01589e+00
6.61046e+03 1.01593e+00
6.62550e+03 1.01597e+00
6.64054e+03 1.01600e+00
6.65558e+03 1.01604e+00
6.67062e+03 1.01608e+00
6.68565e+03 1.01611e+00
6.70069e+03 1.01615e+00
6.71573e+03 1.01619e+00
6.73077e+03 1.01622e+00
6.74581e+03 1.01626e+00
6.76085e+03 1.01630e+00
6.77589e+03 1.01633e+00
6.79093e+03 1.01637e+00
6.80597e+03 1.01641e+00
6.82101e+03 1.01644e+00
6.83605e+03 1.01648e+00
6.85109e+03 1.01652e+00
6.86613e+03 1.01655e+00
6.88117e+03 1.01659e+00
6.89621e+03 1.01663e+00
6.91125e+03 1.01666e+00
6.92629e+03 1.01670e+00
6.94133e+03 1.01673e+00
6.95637e+03 1.01677e+00
6.97141e+03 1.01681e+00
6.98645e+03 1.01684e+00
7.00148e+03 1.01688e+00
7.01652e+03 1.01692e+00
7.03156e+03 1.01695e+00
7.04660e+03 1.01699e+00
7.06164e+03 1.01703e+00
7.07668e+03 1.01706e+00
7.09172e+03 1.01710e+00
7.10676e+03 1.01714e+00
7.12180e+03 1.01717e+00
7.13684e+03 1.01721e+00
7.15188e+03 1.01725e+00
7.16692e+03 1.01728e+00
7.18196e+03 1.01732e+00
7.19700e+03 1.01736e+00
7.21204e+03 1.01739e+00
7.22708e+03 1.01743e+00
7.24212e+03 1.01747e+00
7.25716e+03 1.01750e+00
7.27220e+03 1.01754e+00
7.28724e+03 1.01758e+00
7.30228e+03 1.01761e+00
7.31731e+03 1.01765e+00
7.33235e+03 1.01769e+00
7.34739e+03 1.01772e+00
7.36243e+03 1.01776e+00
7.37747e+03 1.01780e+00
7.39251e+03 1.01783e+00
7.40755e+03 1.01787e+00
7.42259e+03 1.01791e+00
7.43763e+03 1.01794e+00
7.45267e+03 1.01798e+00
7.46771e+03 1.01802e+00
7.48275e+03 1.01805e+00
7.49779e+03 1.01809e+00
7.51283e+03 1.01813e+00
7.52787e+03 1.01816e+00
7.54291e+03 1.01820e+00
7.55795e+03 1.01824e+00
7.57299e+03 1.01827e+00
7.58804e+03 1.01831e+00
7.60308e+03 1.01835e+00
7.61813e+03 1.01838e+00
7.63318e+03 1.01842e+00
7.64823e+03 1.01846e+00
7.66328e+03 1.01849e+00
7.67833e+03 1.01853e+00
7.69338e+03 1.01857e+00
7.70843e+03 1.01861e+00
7.72348e+03 1.01864e+00
7.73853e+03 1.01868e+00
7.75357e+03 1.01872e+00
7.76862e+03 1.01875e+00
7.78367e+03 1.01879e+00
7.79872e+03 1.01883e+00
7.81377e+03 1.01886e+00
7.82882e+03 1.01890e+00
7.84387e+03 1.01894e+00
7.85892e+03 1.01897e+00
7.87397e+03 1.01901e+00
7.88902e+03 1.01905e+00
7.90407e+03 1.01908e+00
7.91911e+03 1.01912e+00
7.93416e+03 1.01916e+00
7.94921e+03 1.01919e+00
7.96426e+03 1.01923e+00
7.97931e+03 1.01927e+00
7.99436e+03 1.01932e+00
8.00941e+03 1.01936e+00
8.02446e+03 1.01940e+00
8.03951e+03 1.01944e+00
8.05456e+03 1.01948e+00
8.06960e+03 1.01952e+00
8.08465e+03 1.01956e+00
8.09970e+03 1.01960e+00
8.11475e+03 1.01964e+00
8.12980e+03 1.01968e+00
8.14485e+03 1.01972e+00
8.15990e+03 1.01976e+00
8.17495e+03 1.01980e+00
8.19000e+03 1.01984e+00
8.20505e+03 1.01988e+00
8.22009e+03 1.01992e+00
8.23514e+03 1.01996e+00
8.25019e+03 1.02000e+00
8.26524e+03 1.02004e+00
8.28029e+03 1.02008e+00
8.29534e+03 1.02012e+00
8.31039e+03 1.02016e+00
8.32544e+03 1.02020e+00
8.34049e+03 1.02024e+00
8.35554e+03 1.02028e+00
8.37059e+03 1.02032e+00
8.38563e+03 1.02036e+00
8.40068e+03 1.02040e+00
8.41573e+03 1.02044e+00
8.43078e+03 1.02048e+00
8.44583e+03 1.02052e+00
8.46088e+03 1.02056e+00
8.47593e+03 1.02060e+00
8.49098e+03 1.02064e+00
8.50603e+03 1.02068e+00
8.52108e+03 1.02073e+00
8.53612e+03 1.02077e+00
8.55117e+03 1.02081e+00
8.56622e+03 1.02085e+00
8.58127e+03 1.02089e+00
8.59632e+03 1.02093e+00
8.61137e+03 1.02097e+00
8.62642e+03 1.02101e+00
8.64147e+03 1.02105e+00
8.65652e+03 1.02109e+00
8.67157e+03 1.02113e+00
8.68661e+03 1.02117e+00
8.70166e+03 1.02121e+00
8.71671e+03 1.02125e+00
8.73176e+03 1.02129e+00
8.74681e+03 1.02133e+00
8.76186e+03 1.02137e+00
8.77691e+03 1.02142e+00
8.79196e+03 1.02146e+00
8.80701e+03 1.02150e+00
8.82206e+03 1.02154e+00
8.83711e+03 1.02158e+00
8.85215e+03 1.02162e+00
8.86720e+03 1.02166e+00
8.88225e+03 1.02170e+00
8.89730e+03 1.02174e+00
8.91235e+03 1.02178e+00
8.92740e+03 1.02182e+00
8.94245e+03 1.02186e+00
8.95750e+03 1.02190e+00
8.97255e+03 1.02194e+00
8.98760e+03 1.02198e+00
9.00264e+03 1.02201e+00
9.01769e+03 1.02205e+00
9.03274e+03 1.02209e+00
9.04779e+03 1.02213e+00
9.06284e+03 1.02217e+00
9.07789e+03 1.02221e+00
9.09294e+03 1.02225e+00
9.10799e+03 1.02229e+00
9.12304e+03 1.02233e+00
9.13809e+03 1.02237e+00
9.15313e+03 1.02241e+00
9.16818e+03 1.02245e+00
9.18323e+03 1.02249e+00
9.19828e+03 1.02253e+00
9.21333e+03 1.02257e+00
9.22838e+03 1.02261e+00
9.24343e+03 1.02264e+00
9.25848e+03 1.02268e+00
9.27353e+03 1.02272e+00
9.28858e+03 1.02276e+00
9.30362e+03 1.02280e+00
9.31867e+03 1.02284e+00
9.33372e+03 1.02288e+00
9.34877e+03 1.02292e+00
9.36382e+03 1.02296e+00
9.37887e+03 1.02300e+00
9.39392e+03 1.02304e+00
9.40897e+03 1.02308e+00
9.42402e+03 1.02312e+00
9.43907e+03 1.02316e+00
9.45412e+03 1.02320e+00
9.46916e+03 1.02323e+00
9.48421e+03 1.02327e+00
9.49926e+03 1.02331e+00
9.51431e+03 1.02335e+00
9.52936e+03 1.02339e+00
9.54441e+03 1.02343e+00
9.55946e+03 1.02347e+00
9.57451e+03 1.02351e+00
9.58956e+03 1.02355e+00
9.60461e+03 1.02359e+00
9.61965e+03 1.02363e+00
9.63470e+03 1.02367e+00
9.64975e+03 1.02371e+00
9.66480e+03 1.02375e+00
9.67985e+03 1.02379e+00
9.69490e+03 1.02382e+00
9.70995e+03 1.02386e+00
9.72500e+03 1.02390e+00
9.74005e+03 1.02394e+00
9.75510e+03 1.02398e+00
9.77014e+03 1.02402e+00
9.78519e+03 1.02406e+00
9.80024e+03 1.02410e+00
9.81529e+03 1.02414e+00
9.83034e+03 1.02418e+00
9.84539e+03 1.02422e+00
9.86044e+03 1.02426e+00
9.87549e+03 1.02430e+00
9.89054e+03 1.02434e+00
9.90559e+03 1.02438e+00
9.92064e+03 1.02442e+00
9.93568e+03 1.02445e+00
9.95073e+03 1.02449e+00
9.96578e+03 1.02453e+00
9.98083e+03 1.02457e+00
9.99588e+03 1.02461e+00
1.00109e+04 1.02465e+00
1.00260e+04 1.02469e+00
1.00410e+04 1.02473e+00
1.00561e+04 1.02477e+00
1.00711e+04 1.02481e+00
1.00862e+04 1.02485e+00
1.01012e+04 1.02489e+00
1.01163e+04 1.02493e+00
1.01313e+04 1.02497e+00
1.01464e+04 1.02501e+00
1.01614e+04 1.02504e+00
1.01765e+04 1.02508e+00
1.01915e+04 1.02512e+00
1.02066e+04 1.02516e+00
1.02216e+04 1.02520e+00
1.02367e+04 1.02524e+00
1.02517e+04 1.02528e+00
1.02668e+04 1.02532e+00
1.02818e+04 1.02536e+00
1.02969e+04 1.02540e+00
1.03119e+04 1.02544e+00
1.03270e+04 1.02548e+00
1.03420e+04 1.02552e+00
1.03571e+04 1.02556e+00
1.03721e+04 1.02560e+00
1.03872e+04 1.02564e+00
1.04022e+04 1.02567e+00
1.04173e+04 1.02571e+00
1.04323e+04 1.02575e+00
1.04474e+04 1.02579e+00
1.04624e+04 1.02583e+00
1.04774e+04 1.02587e+00
1.04925e+04 1.02591e+00
1.05075e+04 1.02595e+00
1.05226e+04 1.02599e+00
1.05376e+04 1.02603e+00
1.05527e+04 1.02607e+00
1.05677e+04 1.02611e+00
1.05828e+04 1.02615e+00
1.05978e+04 1.02619e+00
1.06128e+04 1.02623e+00
1.06278e+04 1.02626e+00
1.06428e+04 1.02630e+00
1.06578e+04 1.02634e+00
1.06728e+04 1.02638e+00
1.06879e+04 1.02642e+00
1.07029e+04 1.02646e+00
1.07179e+04 1.02650e+00
1.07329e+04 1.02654e+00
1.07479e+04 1.02658e+00
1.07629e+04 1.02662e+00
1.07779e+04 1.02666e+00
1.07929e+04 1.02670e+00
1.08079e+04 1.02674e+00
1.08229e+04 1.02677e+00
1.08379e+04 1.02681e+00
1.08529e+04 1.02685e+00
1.08680e+04 1.02689e+00
1.08830e+04 1.02693e+00
1.08980e+04 1.02697e+00
1.09130e+04 1.02701e+00
1.09280e+04 1.02705e+00
1.09430e+04 1.02709e+00
1.09580e+04 1.02713e+00
1.09730e+04 1.02717e+00
1.09880e+04 1.02721e+00
1.10030e+04 1.02725e+00
1.10180e+04 1.02728e+00
1.10330e+04 1.02732e+00
1.10481e+04 1.02736e+00
1.10631e+04 1.02740e+00
1.10781e+04 1.02744e+00
1.10931e+04 1.02748e+00
1.11081e+04 1.02752e+00
1.11231e+04 1.02756e+00
1.11381e+04 1.02760e+00
1.11531e+04 1.02764e+00
1.11681e+04 1.02768e+00
1.11831e+04 1.02772e+00
1.11981e+04 1.02775e+00
1.12131e+04 1.02779e+00
1.12282e+04 1.02783e+00
1.12432e+04 1.02787e+00
1.12582e+04 1.02791e+00
1.12732e+04 1.02795e+00
1.12882e+04 1.02799e+00
1.13032e+04 1.02803e+00
1.13182e+04 1.02807e+00
1.13332e+04 1.02811e+00
1.13482e+04 1.02815e+00
1.13632e+04 1.02819e+00
1.13782e+04 1.02823e+00
1.13932e+04 1.02826e+00
1.14083e+04 1.02830e+00
1.14233e+04 1.02834e+00
1.14383e+04 1.02838e+00
1.14533e+04 1.02842e+00
1.14683e+04 1.02846e+00
1.14833e+04 1.02850e+00
1.14983e+04 1.02854e+00
1.15133e+04 1.02858e+00
1.15283e+04 1.02862e+00
1.15433e+04 1.02866e+00
1.15583e+04 1.02870e+00
1.15733e+04 1.02874e+00
1.15884e+04 1.02877e+00
1.16034e+04 1.02881e+00
1.16184e+04 1.02885e+00
1.16334e+04 1.02889e+00
1.16484e+04 1.02893e+00
1.16634e+04 1.02897e+00
1.16784e+04 1.02901e+00
1.16934e+04 1.02905e+00
1.17084e+04 1.02909e+00
1.17234e+04 1.02913e+00
1.17384e+04 1.02917e+00
1.17534e+04 1.02921e+00
1.17685e+04 1.02925e+00
1.17835e+04 1.02928e+00
1.17985e+04 1.02932e+00
1.18135e+04 1.02936e+00
1.18285e+04 1.02940e+00
1.18435e+04 1.02944e+00
1.18585e+04 1.02948e+00
1.18735e+04 1.02952e+00
1.18885e+04 1.02956e+00
1.19035e+04 1.02960e+00
1.19185e+04 1.02964e+00
1.19335e+04 1.02968e+00
1.19486e+04 1.02972e+00
1.19636e+04 1.02976e+00
1.19786e+04 1.02979e+00
1.19936e+04 1.02983e+00
1.20086e+04 1.02987e+00
1.20236e+04 1.02991e+00
1.20386e+04 1.02995e+00
1.20536e+04 1.02999e+00
1.20686e+04 1.03003e+00
1.20836e+04 1.03007e+00
1.20986e+04 1.03011e+00
1.21136e+04 1.03015e+00
1.21287e+04 1.03019e+00
1.21437e+04 1.03023e+00
1.21587e+04 1.03027e+00
1.21737e+04 1.03030e+00
1.21887e+04 1.03034e+00
1.22037e+04 1.03038e+00
1.22187e+04 1.03042e+00
1.22337e+04 1.03046e+00
1.22487e+04 1.03050e+00
1.22637e+04 1.03054e+00
1.22787e+04 1.03058e+00
1.22937e+04 1.03062e+00
1.23088e+04 1.03066e+00
1.23238e+04 1.03070e+00
1.23388e+04 1.03074e+00
1.23538e+04 1.03078e+00
1.23688e+04 1.03081e+00
1.23838e+04 1.03085e+00
1.23988e+04 1.03089e+00
1.24138e+04 1.03093e+00
1.24288e+04 1.03097e+00
1.24438e+04 1.03101e+00
1.24588e+04 1.03105e+00
1.24738e+04 1.03109e+00
1.24889e+04 1.03113e+00
1.25039e+04 1.03117e+00
1.25189e+04 1.03121e+00
1.25339e+04 1.03125e+00
1.25489e+04 1.03129e+00
1.25639e+04 1.03132e+00
1.25789e+04 1.03136e+00
1.25939e+04 1.03140e+00
1.26089e+04 1.03144e+00
1.26239e+04 1.03148e+00
1.26389e+04 1.03152e+00
1.26539e+04 1.03156e+00
1.26690e+04 1.03160e+00
1.26840e+04 1.03164e+00
1.26990e+04 1.03168e+00
1.27140e+04 1.03172e+00
1.27290e+04 1.03176e+00
1.27440e+04 1.03180e+00
1.27590e+04 1.03183e+00
1.27740e+04 1.03187e+00
1.27890e+04 1.03191e+00
1.28040e+04 1.03195e+00
1.28190e+04 1.03199e+00
1.28341e+04 1.03203e+00
1.28491e+04 1.03207e+00
1.28641e+04 1.03211e+00
1.28791e+04 1.03215e+00
1.28941e+04 1.03219e+00
1.29091e+04 1.03223e+00
1.29241e+04 1.03227e+00
1.29391e+04 1.03231e+00
1.29541e+04 1.03234e+00
1.29691e+04 1.03238e+00
1.29841e+04 1.03242e+00
1.29991e+04 1.03246e+00
1.30142e+04 1.03250e+00
1.30292e+04 1.03254e+00
1.30442e+04 1.03258e+00
1.30592e+04 1.03262e+00
1.30742e+04 1.03266e+00
1.30892e+04 1.03270e+00
1.31042e+04 1.03274e+00
1.31192e+04 1.03278e+00
1.31342e+04 1.03282e+00
1.31492e+04 1.03285e+00
1.31642e+04 1.03289e+00
1.31792e+04 1.03293e+00
1.31943e+04 1.03297e+00
1.32093e+04 1.03301e+00
1.32243e+04 1.03305e+00
1.32393e+04 1.03309e+00
1.32543e+04 1.03313e+00
1.32693e+04 1.03317e+00
1.32843e+04 1.03321e+00
1.32993e+04 1.03325e+00
1.33143e+04 1.03329e+00
1.33293e+04 1.03333e+00
1.33443e+04 1.03336e+00
1.33593e+04 1.03340e+00
1.33744e+04 1.03344e+00
1.33894e+04 1.03348e+00
1.34044e+04 1.03352e+00
1.34194e+04 1.03356e+00
1.34344e+04 1.03360e+00
1.34494e+04 1.03364e+00
1.34644e+04 1.03368e+00
1.34794e+04 1.03372e+00
1.34944e+04 1.03376e+00
1.35094e+04 1.03380e+00
1.35244e+04 1.03384e+00
1.35394e+04 1.03387e+00
1.35545e+04 1.03391e+00
1.35695e+04 1.03395e+00
1.35845e+04 1.03399e+00
1.35995e+04 1.03403e+00
1.36145e+04 1.03407e+00
1.36295e+04 1.03411e+00
1.36445e+04 1.03415e+00
1.36595e+04 1.03419e+00
1.36745e+04 1.03423e+00
1.36895e+04 1.03427e+00
1.37045e+04 1.03431e+00
1.37195e+04 1.03435e+00
1.37346e+04 1.03438e+00
1.37496e+04 1.03442e+00
1.37646e+04 1.03446e+00
1.37796e+04 1.03450e+00
1.37946e+04 1.03454e+00
1.38096e+04 1.03458e+00
1.38246e+04 1.03462e+00
1.38396e+04 1.03466e+00
1.38546e+04 1.03470e+00
1.38696e+04 1.03474e+00
1.38846e+04 1.03478e+00
1.38996e+04 1.03482e+00
1.39147e+04 1.03485e+00
1.39297e+04 1.03489e+00
1.39447e+04 1.03493e+00
1.39597e+04 1.03497e+00
1.39747e+04 1.03501e+00
1.39897e+04 1.03505e+00
1.40047e+04 1.03509e+00
1.40197e+04 1.03513e+00
1.40347e+04 1.03517e+00
1.40497e+04 1.03521e+00
1.40647e+04 1.03525e+00
1.40797e+04 1.03529e+00
1.40948e+04 1.03533e+00
1.41098e+04 1.03536e+00
1.41248e+04 1.03540e+00
1.41398e+04 1.03544e+00
1.41548e+04 1.03548e+00
1.41698e+04 1.03552e+00
1.41848e+04 1.03556e+00
1.41998e+04 1.03560e+00
1.42148e+04 1.03564e+00
1.42298e+04 1.03568e+00
1.42448e+04 1.03572e+00
1.42598e+04 1.03576e+00
1.42749e+04 1.03580e+00
1.42899e+04 1.03584e+00
1.43049e+04 1.03587e+00
1.43199e+04 1.03591e+00
1.43349e+04 1.03595e+00
1.43499e+04 1.03599e+00
1.43649e+04 1.03603e+00
1.43799e+04 1.03607e+00
1.43949e+04 1.03611e+00
1.44099e+04 1.03615e+00
1.44249e+04 1.03619e+00
1.44399e+04 1.03623e+00
1.44550e+04 1.03627e+00
1.44700e+04 1.03631e+00
1.44850e+04 1.03635e+00
1.45000e+04 1.03638e+00
1.45150e+04 1.03642e+00
1.45300e+04 1.03646e+00
1.45450e+04 1.03650e+00
1.45600e+04 1.03654e+00
1.45750e+04 1.03658e+00
1.45900e+04 1.03662e+00
1.46050e+04 1.03666e+00
1.46200e+04 1.03670e+00
1.46351e+04 1.03674e+00
1.46501e+04 1.03678e+00
1.46651e+04 1.03682e+00
1.46801e+04 1.03686e+00
1.46951e+04 1.03689e+00
1.47101e+04 1.03693e+00
1.47251e+04 1.03697e+00
1.47401e+04 1.03701e+00
1.47551e+04 1.03705e+00
1.47701e+04 1.03709e+00
1.47851e+04 1.03713e+00
1.48001e+04 1.03717e+00
1.48152e+04 1.03721e+00
1.48302e+04 1.03725e+00
1.48452e+04 1.03729e+00
1.48602e+04 1.03733e+00
1.48752e+04 1.03737e+00
1.48902e+04 1.03740e+00
1.49052e+04 1.03744e+00
1.49202e+04 1.03748e+00
1.49352e+04 1.03752e+00
1.49502e+04 1.03756e+00
1.49652e+04 1.03760e+00
1.49802e+04 1.03764e+00
1.49953e+04 1.03768e+00
1.50103e+04 1.03772e+00
1.50253e+04 1.03776e+00
1.50403e+04 1.03780e+00
1.50553e+04 1.03784e+00
1.50703e+04 1.03788e+00
1.50853e+04 1.03791e+00
1.51003e+04 1.03795e+00
1.51153e+04 1.03799e+00
1.51303e+04 1.03803e+00
1.51453e+04 1.03807e+00
1.51604e+04 1.03811e+00
1.51754e+04 1.03815e+00
1.51904e+04 1.03819e+00
1.52054e+04 1.03823e+00
1.52204e+04 1.03827e+00
1.52354e+04 1.03831e+00
1.52504e+04 1.03835e+00
1.52654e+04 1.03839e+00
1.52804e+04 1.03842e+00
1.52954e+04 1.03846e+00
1.53104e+04 1.03850e+00
1.53254e+04 1.03854e+00
1.53405e+04 1.03858e+00
1.53555e+04 1.03862e+00
1.53705e+04 1.03866e+00
1.53855e+04 1.03870e+00
1.54005e+04 1.03874e+00
1.54155e+04 1.03878e+00
1.54305e+04 1.03882e+00
1.54455e+04 1.03886e+00
1.54605e+04 1.03890e+00
1.54755e+04 1.03893e+00
1.54905e+04 1.03897e+00
1.55055e+04 1.03901e+00
1.55206e+04 1.03905e+00
1.55356e+04 1.03909e+00
1.55506e+04 1.03913e+00
1.55656e+04 1.03917e+00
1.55806e+04 1.03921e+00
1.55956e+04 1.03925e+00
1.56106e+04 1.03929e+00
1.56256e+04 1.03933e+00
1.56406e+04 1.03937e+00
1.56556e+04 1.03941e+00
1.56706e+04 1.03944e+00
1.56856e+04 1.03948e+00
1.57007e+04 1.03952e+00
1.57157e+04 1.03956e+00
1.57307e+04 1.03960e+00
1.57457e+04 1.03964e+00
1.57607e+04 1.03968e+00
1.57757e+04 1.03972e+00
1.57907e+04 1.03976e+00
1.58057e+04 1.03980e+00
1.58207e+04 1.03984e+00
1.58357e+04 1.03988e+00
1.58507e+04 1.03992e+00
1.58657e+04 1.03995e+00
1.58808e+04 1.03999e+00
1.58958e+04 1.04003e+00
1.59108e+04 1.04007e+00
1.59258e+04 1.04011e+00
1.59408e+04 1.04015e+00
1.59558e+04 1.04019e+00
1.59708e+04 1.04023e+00
1.59858e+04 1.04027e+00
1.60008e+04 1.04031e+00
1.60158e+04 1.04035e+00
1.60308e+04 1.04039e+00
1.60458e+04 1.04043e+00
1.60609e+04 1.04046e+00
1.60759e+04 1.04050e+00
1.60909e+04 1.04054e+00
1.61059e+04 1.04058e+00
1.61209e+04 1.04062e+00
1.61359e+04 1.04066e+00
1.61509e+04 1.04070e+00
1.61659e+04 1.04074e+00
1.61809e+04 1.04078e+00
1.61959e+04 1.04082e+00
1.62109e+04 1.04086e+00
1.62259e+04 1.04090e+00
1.62410e+04 1.04094e+00
1.62560e+04 1.04097e+00
1.62710e+04 1.04101e+00
1.62860e+04 1.04105e+00
1.63010e+04 1.04109e+00
1.63160e+04 1.04113e+00
1.63310e+04 1.04117e+00
1.63460e+04 1.04121e+00
1.63610e+04 1.04125e+00
1.63760e+04 1.04129e+00
1.63910e+04 1.04133e+00
1.64060e+04 1.04137e+00
1.64211e+04 1.04141e+00
1.64361e+04 1.04145e+00
1.64511e+04 1.04148e+00
1.64661e+04 1.04152e+00
1.64811e+04 1.04156e+00
1.64961e+04 1.04160e+00
1.65111e+04 1.04164e+00
1.65261e+04 1.04168e+00
1.65411e+04 1.04172e+00
1.65561e+04 1.04176e+00
1.65711e+04 1.04179e+00
1.65861e+04 1.04183e+00
1.66011e+04 1.04187e+00
1.66161e+04 1.04191e+00
1.66312e+04 1.04195e+00
1.66462e+04 1.04198e+00
1.66612e+04 1.04202e+00
1.66762e+04 1.04206e+00
1.66912e+04 1.04210e+00
1.67062e+04 1.04214e+00
1.67212e+04 1.04218e+00
1.67362e+04 1.04221e+00
1.67512e+04 1.04225e+00
1.67662e+04 1.04229e+00
1.67812e+04 1.04233e+00
1.67962e+04 1.04237e+00
1.68112e+04 1.04241e+00
1.68262e+04 1.04244e+00
1.68412e+04 1.04248e+00
1.68563e+04 1.04252e+00
1.68713e+04 1.04256e+00
1.68863e+04 1.04260e+00
1.69013e+04 1.04264e+00
1.69163e+04 1.04267e+00
1.69313e+04 1.04271e+00
1.69463e+04 1.04275e+00
1.69613e+04 1.04279e+00
1.69763e+04 1.04283e+00
1.69913e+04 1.04286e+00
1.70063e+04 1.04290e+00
1.70213e+04 1.04294e+00
1.70363e+04 1.04298e+00
1.70513e+04 1.04302e+00
1.70663e+04 1.04306e+00
1.70814e+04 1.04309e+00
1.70964e+04 1.04313e+00
1.71114e+04 1.04317e+00
1.71264e+04 1.04321e+00
1.71414e+04 1.04325e+00
1.71564e+04 1.04329e+00
1.71714e+04 1.04332e+00
1.71864e+04 1.04336e+00
1.72014e+04 1.04340e+00
1.72164e+04 1.04344e+00
1.72314e+04 1.04348e+00
1.72464e+04 1.04351e+00
1.72614e+04 1.04355e+00
1.72764e+04 1.04359e+00
1.72914e+04 1.04363e+00
1.73065e+04 1.04367e+00
1.73215e+04 1.04371e+00
1.73365e+04 1.04374e+00
1.73515e+04 1.04378e+00
1.73665e+04 1.04382e+00
1.73815e+04 1.04386e+00
1.73965e+04 1.04390e+00
1.74115e+04 1.04394e+00
1.74265e+04 1.04397e+00
1.74415e+04 1.04401e+00
1.74565e+04 1.04405e+00
1.74715e+04 1.04409e+00
1.74865e+04 1.04413e+00
1.75015e+04 1.04416e+00
1.75165e+04 1.04420e+00
1.75316e+04 1.04424e+00
1.75466e+04 1.04428e+00
1.75616e+04 1.04432e+00
1.75766e+04 1.04436e+00
1.75916e+04 1.04439e+00
1.76066e+04 1.04443e+00
1.76216e+04 1.04447e+00
1.76366e+04 1.04451e+00
1.76516e+04 1.04455e+00
1.76666e+04 1.04458e+00
1.76816e+04 1.04462e+00
1.76966e+04 1.04466e+00
1.77116e+04 1.04470e+00
1.77266e+04 1.04474e+00
1.77416e+04 1.04478e+00
1.77566e+04 1.04481e+00
1.77717e+04 1.04485e+00
1.77867e+04 1.04489e+00
1.78017e+04 1.04493e+00
1.78167e+04 1.04497e+00
1.78317e+04 1.04500e+00
1.78467e+04 1.04504e+00
1.78617e+04 1.04508e+00
1.78767e+04 1.04512e+00
1.78917e+04 1.04516e+00
1.79067e+04 1.04520e+00
1.79217e+04 1.04523e+00
1.79367e+04 1.04527e+00
1.79517e+04 1.04531e+00
1.79667e+04 1.04535e+00
1.79817e+04 1.04539e+00
1.79968e+04 1.04543e+00
1.80118e+04 1.04546e+00
1.80268e+04 1.04550e+00
1.80418e+04 1.04554e+00
1.80568e+04 1.04558e+00
1.80718e+04 1.04562e+00
1.80868e+04 1.04565e+00
1.81018e+04 1.04569e+00
1.81168e+04 1.04573e+00
1.81318e+04 1.04577e+00
1.81468e+04 1.04581e+00
1.81618e+04 1.04585e+00
1.81768e+04 1.04588e+00
1.81918e+04 1.04592e+00
1.82068e+04 1.04596e+00
1.82219e+04 1.04600e+00
1.82369e+04 1.04604e+00
1.82519e+04 1.04607e+00
1.82669e+04 1.04611e+00
1.82819e+04 1.04615e+00
1.82969e+04 1.04619e+00
1.83119e+04 1.04623e+00
1.83269e+04 1.04627e+00
1.83419e+04 1.04630e+00
1.83569e+04 1.04634e+00
1.83719e+04 1.04638e+00
1.83869e+04 1.04642e+00
1.84019e+04 1.04646e+00
1.84169e+04 1.04649e+00
1.84319e+04 1.04653e+00
1.84470e+04 1.04657e+00
1.84620e+04 1.04661e+00
1.84770e+04 1.04665e+00
1.84920e+04 1.04669e+00
1.85070e+04 1.04672e+00
1.85220e+04 1.04676e+00
1.85370e+04 1.04680e+00
1.85520e+04 1.04684e+00
1.85670e+04 1.04688e+00
1.85820e+04 1.04692e+00
1.85970e+04 1.04695e+00
1.86120e+04 1.04699e+00
1.86270e+04 1.04703e+00
1.86420e+04 1.04707e+00
1.86570e+04 1.04711e+00
1.86721e+04 1.04714e+00
1.86871e+04 1.04718e+00
1.87021e+04 1.04722e+00
1.87171e+04 1.04726e+00
1.87321e+04 1.04730e+00
1.87471e+04 1.04734e+00
1.87621e+04 1.04737e+00
1.87771e+04 1.04741e+00
1.87921e+04 1.04745e+00
1.88071e+04 1.04749e+00
1.88221e+04 1.04753e+00
1.88371e+04 1.04756e+00
1.88521e+04 1.04760e+00
1.88671e+04 1.04764e+00
1.88821e+04 1.04768e+00
1.88971e+04 1.04772e+00
1.89122e+04 1.04776e+00
1.89272e+04 1.04779e+00
1.89422e+04 1.04783e+00
1.89572e+04 1.04787e+00
1.89722e+04 1.04791e+00
1.89872e+04 1.04795e+00
1.90022e+04 1.04798e+00
1.90172e+04 1.04802e+00
1.90322e+04 1.04806e+00
1.90472e+04 1.04810e+00
1.90622e+04 1.04814e+00
1.90772e+04 1.04818e+00
1.90922e+04 1.04821e+00
1.91072e+04 1.04825e+00
1.91222e+04 1.04829e+00
1.91373e+04 1.04833e+00
1.91523e+04 1.04837e+00
1.91673e+04 1.04841e+00
1.91823e+04 1.04844e+00
1.91973e+04 1.04848e+00
1.92123e+04 1.04852e+00
1.92273e+04 1.04856e+00
1.92423e+04 1.04860e+00
1.92573e+04 1.04863e+00
1.92723e+04 1.04867e+00
1.92873e+04 1.04871e+00
1.93023e+04 1.04875e+00
1.93173e+04 1.04879e+00
1.93323e+04 1.04883e+00
1.93473e+04 1.04886e+00
1.93624e+04 1.04890e+00
1.93774e+04 1.04894e+00
1.93924e+04 1.04898e+00
1.94074e+04 1.04902e+00
1.94224e+04 1.04905e+00
1.94374e+04 1.04909e+00
1.94524e+04 1.04913e+00
1.94674e+04 1.04917e+00
1.94824e+04 1.04921e+00
1.94974e+04 1.04925e+00
1.95124e+04 1.04928e+00
1.95274e+04 1.04932e+00
1.95424e+04 1.04936e+00
1.95574e+04 1.04940e+00
1.95724e+04 1.04944e+00
1.95875e+04 1.04947e+00
1.96025e+04 1.04951e+00
1.96175e+04 1.04955e+00
1.96325e+04 1.04959e+00
1.96475e+04 1.04963e+00
1.96625e+04 1.04967e+00
1.96775e+04 1.04970e+00
1.96925e+04 1.04974e+00
1.97075e+04 1.04978e+00
1.97225e+04 1.04982e+00
1.97375e+04 1.04986e+00
1.97525e+04 1.04990e+00
1.97675e+04 1.04993e+00
1.97825e+04 1.04997e+00
1.97975e+04 1.05001e+00
1.98126e+04 1.05005e+00
1.98276e+04 1.05009e+00
1.98426e+04 1.05012e+00
1.98576e+04 1.05016e+00
1.98726e+04 1.05020e+00
1.98876e+04 1.05024e+00
1.99026e+04 1.05028e+00
1.99176e+04 1.05032e+00
1.99326e+04 1.05035e+00
1.99476e+04 1.05039e+00
1.99626e+04 1.05043e+00
1.99776e+04 1.05047e+00
1.99926e+04 1.05051e+00
2.00076e+04 1.05054e+00
2.00226e+04 1.05058e+00
2.00376e+04 1.05062e+00
2.00527e+04 1.05066e+00
2.00677e+04 1.05070e+00
2.00827e+04 1.05074e+00
2.00977e+04 1.05077e+00
2.01127e+04 1.05081e+00
2.01277e+04 1.05085e+00
2.01427e+04 1.05089e+00
2.01577e+04 1.05093e+00
2.01727e+04 1.05096e+00
2.01877e+04 1.05100e+00
2.02027e+04 1.05104e+00
2.02177e+04 1.05108e+00
2.02327e+04 1.05112e+00
2.02477e+04 1.05116e+00
2.02627e+04 1.05119e+00
2.02778e+04 1.05123e+00
2.02928e+04 1.05127e+00
2.03078e+04 1.05131e+00
2.03228e+04 1.05135e+00
2.03378e+04 1.05138e+00
2.03528e+04 1.05142e+00
2.03678e+04 1.05146e+00
2.03828e+04 1.05150e+00
2.03978e+04 1.05154e+00
2.04128e+04 1.05158e+00
2.04278e+04 1.05161e+00
2.04428e+04 1.05165e+00
2.04578e+04 1.05169e+00
2.04728e+04 1.05173e+00
2.04878e+04 1.05177e+00
2.05029e+04 1.05181e+00
2.05179e+04 1.05184e+00
2.05329e+04 1.05188e+00
2.05479e+04 1.05192e+00
2.05629e+04 1.05196e+00
2.05779e+04 1.05200e+00
2.05929e+04 1.05203e+00
2.06079e+04 1.05207e+00
2.06229e+04 1.05211e+00
2.06380e+04 1.05215e+00
2.06530e+04 1.05219e+00
2.06680e+04 1.05223e+00
2.06830e+04 1.05226e+00
2.06980e+04 1.05230e+00
2.07130e+04 1.05234e+00
2.07281e+04 1.05238e+00
2.07431e+04 1.05242e+00
2.07581e+04 1.05245e+00
2.07731e+04 1.05249e+00
2.07881e+04 1.05253e+00
2.08031e+04 1.05257e+00
2.08182e+04 1.05261e+00
2.08332e+04 1.05265e+00
2.08482e+04 1.05268e+00
2.08632e+04 1.05272e+00
2.08782e+04 1.05276e+00
2.08932e+04 1.05280e+00
2.09083e+04 1.05284e+00
2.09233e+04 1.05288e+00
2.09383e+04 1.05291e+00
2.09533e+04 1.05295e+00
2.09683e+04 1.05299e+00
2.09833e+04 1.05303e+00
2.09983e+04 1.05307e+00
2.10134e+04 1.05310e+00
2.10284e+04 1.05314e+00
2.10434e+04 1.05318e+00
2.10584e+04 1.05322e+00
2.10734e+04 1.05326e+00
2.10884e+04 1.05330e+00
2.11035e+04 1.05333e+00
2.11185e+04 1.05337e+00
2.11335e+04 1.05341e+00
2.11485e+04 1.05345e+00
2.11635e+04 1.05349e+00
2.11785e+04 1.05353e+00
2.11936e+04 1.05356e+00
2.12086e+04 1.05360e+00
2.12236e+04 1.05364e+00
2.12386e+04 1.05368e+00
2.12536e+04 1.05372e+00
2.12686e+04 1.05375e+00
2.12837e+04 1.05379e+00
2.12987e+04 1.05383e+00
2.13137e+04 1.05387e+00
2.13287e+04 1.05391e+00
2.13437e+04 1.05395e+00
2.13587e+04 1.05398e+00
2.13738e+04 1.05402e+00
2.13888e+04 1.05406e+00
2.14038e+04 1.05410e+00
2.14188e+04 1.05414e+00
2.14338e+04 1.05418e+00
2.14488e+04 1.05421e+00
2.14639e+04 1.05425e+00
2.14789e+04 1.05429e+00
2.14939e+04 1.05433e+00
2.15089e+04 1.05437e+00
2.15239e+04 1.05440e+00
2.15389e+04 1.05444e+00
2.15539e+04 1.05448e+00
2.15690e+04 1.05452e+00
2.15840e+04 1.05456e+00
2.15990e+04 1.05460e+00
2.16140e+04 1.05463e+00
2.16290e+04 1.05467e+00
2.16440e+04 1.05471e+00
2.16591e+04 1.05475e+00
2.16741e+04 1.05479e+00
2.16891e+04 1.05482e+00
2.17041e+04 1.05486e+00
2.17191e+04 1.05490e+00
2.17341e+04 1.05494e+00
2.17492e+04 1.05498e+00
2.17642e+04 1.05502e+00
2.17792e+04 1.05505e+00
2.17942e+04 1.05509e+00
2.18092e+04 1.05513e+00
2.18242e+04 1.05517e+00
2.18393e+04 1.05521e+00
2.18543e+04 1.05525e+00
2.18693e+04 1.05528e+00
2.18843e+04 1.05532e+00
2.18993e+04 1.05536e+00
2.19143e+04 1.05540e+00
2.19294e+04 1.05544e+00
2.19444e+04 1.05547e+00
2.19594e+04 1.05551e+00
2.19744e+04 1.05555e+00
2.19894e+04 1.05559e+00
2.20044e+04 1.05563e+00
2.20194e+04 1.05567e+00
2.20345e+04 1.05570e+00
2.20495e+04 1.05574e+00
2.20645e+04 1.05578e+00
2.20795e+04 1.05582e+00
2.20945e+04 1.05586e+00
2.21095e+04 1.05590e+00
2.21246e+04 1.05593e+00
2.21396e+04 1.05597e+00
2.21546e+04 1.05601e+00
2.21696e+04 1.05605e+00
2.21846e+04 1.05609e+00
2.21996e+04 1.05612e+00
2.22147e+04 1.05616e+00
2.22297e+04 1.05620e+00
2.22447e+04 1.05624e+00
2.22597e+04 1.05628e+00
2.22747e+04 1.05632e+00
2.22897e+04 1.05636e+00
2.23048e+04 1.05639e+00
2.23198e+04 1.05643e+00
2.23348e+04 1.05647e+00
2.23498e+04 1.05651e+00
2.23648e+04 1.05655e+00
2.23798e+04 1.05659e+00
2.23949e+04 1.05663e+00
2.24099e+04 1.05667e+00
2.24249e+04 1.05671e+00
2.24399e+04 1.05675e+00
2.24549e+04 1.05679e+00
2.24699e+04 1.05683e+00
2.24849e+04 1.05686e+00
2.25000e+04 1.05690e+00
2.25150e+04 1.05694e+00
2.25300e+04 1.05698e+00
2.25450e+04 1.05702e+00
2.25600e+04 1.05706e+00
2.25750e+04 1.05710e+00
2.25901e+04 1.05714e+00
2.26051e+04 1.05718e+00
2.26201e+04 1.05722e+00
2.26351e+04 1.05726e+00
2.26501e+04 1.05730e+00
2.26651e+04 1.05733e+00
2.26802e+04 1.05737e+00
2.26952e+04 1.05741e+00
2.27102e+04 1.05745e+00
2.27252e+04 1.05749e+00
2.27402e+04 1.05753e+00
2.27552e+04 1.05757e+00
2.27703e+04 1.05761e+00
2.27853e+04 1.05765e+00
2.28003e+04 1.05769e+00
2.28153e+04 1.05773e+00
2.28303e+04 1.05777e+00
2.28453e+04 1.05780e+00
2.28604e+04 1.05784e+00
2.28754e+04 1.05788e+00
2.28904e+04 1.05792e+00
2.29054e+04 1.05796e+00
2.29204e+04 1.05800e+00
2.29354e+04 1.05804e+00
2.29505e+04 1.05808e+00
2.29655e+04 1.05812e+00
2.29805e+04 1.05816e+00
2.29955e+04 1.05820e+00
2.30105e+04 1.05824e+00
2.30255e+04 1.05827e+00
2.30405e+04 1.05831e+00
2.30556e+04 1.05835e+00
2.30706e+04 1.05839e+00
2.30856e+04 1.05843e+00
2.31006e+04 1.05847e+00
2.31156e+04 1.05851e+00
2.31306e+04 1.05855e+00
2.31457e+04 1.05859e+00
2.31607e+04 1.05863e+00
2.31757e+04 1.05867e+00
2.31907e+04 1.05871e+00
2.32057e+04 1.05874e+00
2.32207e+04 1.05878e+00
2.32358e+04 1.05882e+00
2.32508e+04 1.05886e+00
2.32658e+04 1.05890e+00
2.32808e+04 1.05894e+00
2.32958e+04 1.05898e+00
2.33108e+04 1.05902e+00
2.33259e+04 1.05906e+00
2.33409e+04 1.05910e+00
2.33559e+04 1.05914e+00
2.33709e+04 1.05917e+00
2.33859e+04 1.05921e+00
2.34009e+04 1.05925e+00
2.34160e+04 1.05929e+00
2.34310e+04 1.05933e+00
2.34460e+04 1.05937e+00
2.34610e+04 1.05941e+00
2.34760e+04 1.05945e+00
2.34910e+04 1.05949e+00
2.35060e+04 1.05953e+00
2.35211e+04 1.05957e+00
2.35361e+04 1.05961e+00
2.35511e+04 1.05964e+00
2.35661e+04 1.05968e+00
2.35811e+04 1.05972e+00
2.35961e+04 1.05976e+00
2.36112e+04 1.05980e+00
2.36262e+04 1.05984e+00
2.36412e+04 1.05988e+00
2.36562e+04 1.05992e+00
2.36712e+04 1.05996e+00
2.36862e+04 1.06000e+00
2.37013e+04 1.06004e+00
2.37163e+04 1.06008e+00
2.37313e+04 1.06011e+00
2.37463e+04 1.06015e+00
2.37613e+04 1.06019e+00
2.37763e+04 1.06023e+00
2.37914e+04 1.06027e+00
2.38064e+04 1.06031e+00
2.38214e+04 1.06035e+00
2.38364e+04 1.06039e+00
2.38514e+04 1.06043e+00
2.38664e+04 1.06047e+00
2.38815e+04 1.06051e+00
2.38965e+04 1.06055e+00
2.39115e+04 1.06058e+00
2.39265e+04 1.06062e+00
2.39415e+04 1.06066e+00
2.39565e+04 1.06070e+00
2.39715e+04 1.06074e+00
2.39866e+04 1.06078e+00
2.40016e+04 1.06082e+00
2.40166e+04 1.06086e+00
2.40316e+04 1.06090e+00
2.40466e+04 1.06094e+00
2.40616e+04 1.06098e+00
2.40767e+04 1.06102e+00
2.40917e+04 1.06105e+00
2.41067e+04 1.06109e+00
2.41217e+04 1.06113e+00
2.41367e+04 1.06117e+00
2.41517e+04 1.06121e+00
2.41668e+04 1.06125e+00
2.41818e+04 1.06129e+00
2.41968e+04 1.06133e+00
2.42118e+04 1.06137e+00
2.42268e+04 1.06141e+00
2.42418e+04 1.06145e+00
2.42569e+04 1.06149e+00
2.42719e+04 1.06152e+00
2.42869e+04 1.06156e+00
2.43019e+04 1.06160e+00
2.43169e+04 1.06164e+00
2.43319e+04 1.06168e+00
2.43470e+04 1.06172e+00
2.43620e+04 1.06176e+00
2.43770e+04 1.06180e+00
2.43920e+04 1.06184e+00
2.44070e+04 1.06188e+00
2.44220e+04 1.06192e+00
2.44371e+04 1.06196e+00
2.44521e+04 1.06199e+00
2.44671e+04 1.06203e+00
2.44821e+04 1.06207e+00
2.44971e+04 1.06211e+00
2.45121e+04 1.06215e+00
2.45271e+04 1.06219e+00
2.45422e+04 1.06223e+00
2.45572e+04 1.06227e+00
2.45722e+04 1.06231e+00
2.45872e+04 1.06235e+00
2.46022e+04 1.06239e+00
2.46172e+04 1.06242e+00
2.46323e+04 1.06246e+00
2.46473e+04 1.06250e+00
2.46623e+04 1.06254e+00
2.46773e+04 1.06258e+00
2.46923e+04 1.06262e+00
2.47073e+04 1.06266e+00
2.47224e+04 1.06270e+00
2.47374e+04 1.06274e+00
2.47524e+04 1.06278e+00
2.47674e+04 1.06282e+00
2.47824e+04 1.06286e+00
2.47974e+04 1.06289e+00
2.48125e+04 1.06293e+00
2.48275e+04 1.06297e+00
2.48425e+04 1.06301e+00
2.48575e+04 1.06305e+00
2.48725e+04 1.06309e+00
2.48875e+04 1.06313e+00
2.49026e+04 1.06317e+00
2.49176e+04 1.06321e+00
2.49326e+04 1.06325e+00
2.49476e+04 1.06329e+00
2.49626e+04 1.06333e+00
2.49776e+04 1.06336e+00
2.49926e+04 1.06340e+00
2.50077e+04 1.06344e+00
2.50227e+04 1.06348e+00
2.50377e+04 1.06352e+00
2.50527e+04 1.06356e+00
2.50677e+04 1.06360e+00
2.50827e+04 1.06364e+00
2.50978e+04 1.06368e+00
2.51128e+04 1.06372e+00
2.51278e+04 1.06376e+00
2.51428e+04 1.06380e+00
2.51578e+04 1.06383e+00
2.51728e+04 1.06387e+00
2.51879e+04 1.06391e+00
2.52029e+04 1.06395e+00
2.52179e+04 1.06399e+00
2.52329e+04 1.06403e+00
2.52479e+04 1.06407e+00
2.52629e+04 1.06411e+00
2.52780e+04 1.06415e+00
2.52930e+04 1.06419e+00
2.53080e+04 1.06423e+00
2.53230e+04 1.06427e+00
2.53380e+04 1.06430e+00
2.53530e+04 1.06434e+00
2.53681e+04 1.06438e+00
2.53831e+04 1.06442e+00
2.53981e+04 1.06446e+00
2.54131e+04 1.06450e+00
2.54281e+04 1.06454e+00
2.54431e+04 1.06458e+00
2.54582e+04 1.06462e+00
2.54732e+04 1.06466e+00
2.54882e+04 1.06470e+00
2.55032e+04 1.06474e+00
2.55182e+04 1.06477e+00
2.55332e+04 1.06481e+00
2.55482e+04 1.06485e+00
2.55633e+04 1.06489e+00
2.55783e+04 1.06493e+00
2.55933e+04 1.06497e+00
2.56083e+04 1.06501e+00
2.56233e+04 1.06505e+00
2.56383e+04 1.06509e+00
2.56534e+04 1.06513e+00
2.56684e+04 1.06517e+00
2.56834e+04 1.06521e+00
2.56984e+04 1.06524e+00
2.57134e+04 1.06528e+00
2.57284e+04 1.06532e+00
2.57435e+04 1.06536e+00
2.57585e+04 1.06540e+00
2.57735e+04 1.06544e+00
2.57885e+04 1.06548e+00
2.58035e+04 1.06552e+00
2.58185e+04 1.06556e+00
2.58336e+04 1.06560e+00
2.58486e+04 1.06564e+00
2.58636e+04 1.06568e+00
2.58786e+04 1.06571e+00
2.58936e+04 1.06575e+00
2.59086e+04 1.06579e+00
2.59237e+04 1.06583e+00
2.59387e+04 1.06587e+00
2.59537e+04 1.06591e+00
2.59687e+04 1.06595e+00
2.59837e+04 1.06598e+00
2.59987e+04 1.06602e+00
2.60137e+04 1.06606e+00
2.60288e+04 1.06610e+00
2.60438e+04 1.06614e+00
2.60588e+04 1.06618e+00
2.60738e+04 1.06621e+00
2.60888e+04 1.06625e+00
2.61038e+04 1.06629e+00
2.61189e+04 1.06633e+00
2.61339e+04 1.06637e+00
2.61489e+04 1.06641e+00
2.61639e+04 1.06644e+00
2.61789e+04 1.06648e+00
2.61939e+04 1.06652e+00
2.62090e+04 1.06656e+00
2.62240e+04 1.06660e+00
2.62390e+04 1.06664e+00
2.62540e+04 1.06667e+00
2.62690e+04 1.06671e+00
2.62840e+04 1.06675e+00
2.62991e+04 1.06679e+00
2.63141e+04 1.06683e+00
2.63291e+04 1.06686e+00
2.63441e+04 1.06690e+00
2.63591e+04 1.06694e+00
2.63741e+04 1.06698e+00
2.63892e+04 1.06702e+00
2.64042e+04 1.06706e+00
2.64192e+04 1.06709e+00
2.64342e+04 1.06713e+00
2.64492e+04 1.06717e+00
2.64642e+04 1.06721e+00
2.64792e+04 1.06725e+00
2.64943e+04 1.06729e+00
2.65093e+04 1.06732e+00
2.65243e+04 1.06736e+00
2.65393e+04 1.06740e+00
2.65543e+04 1.06744e+00
2.65693e+04 1.06748e+00
2.65844e+04 1.06751e+00
2.65994e+04 1.06755e+00
2.66144e+04 1.06759e+00
2.66294e+04 1.06763e+00
2.66444e+04 1.06767e+00
2.66594e+04 1.06771e+00
2.66745e+04 1.06774e+00
2.66895e+04 1.06778e+00
2.67045e+04 1.06782e+00
2.67195e+04 1.06786e+00
2.67345e+04 1.06790e+00
2.67495e+04 1.06794e+00
2.67646e+04 1.06797e+00
2.67796e+04 1.06801e+00
2.67946e+04 1.06805e+00
2.68096e+04 1.06809e+00
2.68246e+04 1.06813e+00
2.68396e+04 1.06816e+00
2.68547e+04 1.06820e+00
2.68697e+04 1.06824e+00
2.68847e+04 1.06828e+00
2.68997e+04 1.06832e+00
2.69147e+04 1.06836e+00
2.69297e+04 1.06839e+00
2.69448e+04 1.06843e+00
2.69598e+04 1.06847e+00
2.69748e+04 1.06851e+00
2.69898e+04 1.06855e+00
2.70048e+04 1.06859e+00
2.70198e+04 1.06862e+00
2.70348e+04 1.06866e+00
2.70499e+04 1.06870e+00
2.70649e+04 1.06874e+00
2.70799e+04 1.06878e+00
2.70949e+04 1.06882e+00
2.71099e+04 1.06885e+00
2.71249e+04 1.06889e+00
2.71400e+04 1.06893e+00
2.71550e+04 1.06897e+00
2.71700e+04 1.06901e+00
2.71850e+04 1.06904e+00
2.72000e+04 1.06908e+00
2.72150e+04 1.06912e+00
2.72301e+04 1.06916e+00
2.72451e+04 1.06920e+00
2.72601e+04 1.06924e+00
2.72751e+04 1.06927e+00
2.72901e+04 1.06931e+00
2.73051e+04 1.06935e+00
2.73202e+04 1.06939e+00
2.73352e+04 1.06943e+00
2.73502e+04 1.06947e+00
2.73652e+04 1.06950e+00
2.73802e+04 1.06954e+00
2.73952e+04 1.06958e+00
2.74103e+04 1.06962e+00
2.74253e+04 1.06966e+00
2.74403e+04 1.06969e+00
2.74553e+04 1.06973e+00
2.74703e+04 1.06977e+00
2.74853e+04 1.06981e+00
2.75003e+04 1.06985e+00
2.75154e+04 1.06989e+00
2.75304e+04 1.06992e+00
2.75454e+04 1.06996e+00
2.75604e+04 1.07000e+00
2.75754e+04 1.07004e+00
2.75904e+04 1.07008e+00
2.76055e+04 1.07012e+00
2.76205e+04 1.07015e+00
2.76355e+04 1.07019e+00
2.76505e+04 1.07023e+00
2.76655e+04 1.07027e+00
2.76805e+04 1.07031e+00
2.76956e+04 1.07035e+00
2.77106e+04 1.07038e+00
2.77256e+04 1.07042e+00
2.77406e+04 1.07046e+00
2.77556e+04 1.07050e+00
2.77706e+04 1.07054e+00
2.77857e+04 1.07057e+00
2.78007e+04 1.07061e+00
2.78157e+04 1.07065e+00
2.78308e+04 1.07069e+00
2.78458e+04 1.07073e+00
2.78608e+04 1.07077e+00
2.78758e+04 1.07081e+00
2.78909e+04 1.07085e+00
2.79059e+04 1.07088e+00
2.79209e+04 1.07092e+00
2.79360e+04 1.07096e+00
2.79510e+04 1.07100e+00
2.79660e+04 1.07104e+00
2.79811e+04 1.07108e+00
2.79961e+04 1.07112e+00
2.80111e+04 1.07116e+00
2.80262e+04 1.07119e+00
2.80412e+04 1.07123e+00
2.80562e+04 1.07127e+00
2.80713e+04 1.07131e+00
2.80863e+04 1.07135e+00
2.81013e+04 1.07139e+00
2.81164e+04 1.07143e+00
2.81314e+04 1.07147e+00
2.81464e+04 1.07150e+00
2.81615e+04 1.07154e+00
2.81765e+04 1.07158e+00
2.81915e+04 1.07162e+00
2.82066e+04 1.07166e+00
2.82216e+04 1.07170e+00
2.82366e+04 1.07174e+00
2.82517e+04 1.07178e+00
2.82667e+04 1.07181e+00
2.82817e+04 1.07185e+00
2.82968e+04 1.07189e+00
2.83118e+04 1.07193e+00
2.83268e+04 1.07197e+00
2.83418e+04 1.07201e+00
2.83569e+04 1.07205e+00
2.83719e+04 1.07209e+00
2.83869e+04 1.07212e+00
2.84020e+04 1.07216e+00
2.84170e+04 1.07220e+00
2.84320e+04 1.07224e+00
2.84471e+04 1.07228e+00
2.84621e+04 1.07232e+00
2.84771e+04 1.07236e+00
2.84922e+04 1.07240e+00
2.85072e+04 1.07243e+00
2.85222e+04 1.07247e+00
2.85373e+04 1.07251e+00
2.85523e+04 1.07255e+00
2.85673e+04 1.07259e+00
2.85824e+04 1.07263e+00
2.85974e+04 1.07267e+00
2.86124e+04 1.07271e+00
2.86275e+04 1.07274e+00
2.86425e+04 1.07278e+00
2.86575e+04 1.07282e+00
2.86726e+04 1.07286e+00
2.86876e+04 1.07290e+00
2.87026e+04 1.07294e+00
2.87177e+04 1.07298e+00
2.87327e+04 1.07302e+00
2.87477e+04 1.07305e+00
2.87627e+04 1.07309e+00
2.87778e+04 1.07313e+00
2.87928e+04 1.07317e+00
2.88078e+04 1.07321e+00
2.88229e+04 1.07325e+00
2.88379e+04 1.07329e+00
2.88529e+04 1.07333e+00
2.88680e+04 1.07336e+00
2.88830e+04 1.07340e+00
2.88980e+04 1.07344e+00
2.89131e+04 1.07348e+00
2.89281e+04 1.07352e+00
2.89431e+04 1.07356e+00
2.89582e+04 1.07360e+00
2.89732e+04 1.07364e+00
2.89882e+04 1.07367e+00
2.90033e+04 1.07371e+00
2.90183e+04 1.07375e+00
2.90333e+04 1.07379e+00
2.90484e+04 1.07383e+00
2.90634e+04 1.07387e+00
2.90784e+04 1.07391e+00
2.90935e+04 1.07395e+00
2.91085e+04 1.07398e+00
2.91235e+04 1.07402e+00
2.91386e+04 1.07406e+00
2.91536e+04 1.07410e+00
2.91686e+04 1.07414e+00
2.91836e+04 1.07418e+00
2.91987e+04 1.07422e+00
2.92137e+04 1.07426e+00
2.92287e+04 1.07429e+00
2.92438e+04 1.07433e+00
2.92588e+04 1.07437e+00
2.92738e+04 1.07441e+00
2.92889e+04 1.07445e+00
2.93039e+04 1.07449e+00
2.93189e+04 1.07453e+00
2.93340e+04 1.07457e+00
2.93490e+04 1.07460e+00
2.93640e+04 1.07464e+00
2.93791e+04 1.07468e+00
2.93941e+04 1.07472e+00
2.94091e+04 1.07476e+00
2.94242e+04 1.07480e+00
2.94392e+04 1.07484e+00
2.94542e+04 1.07488e+00
2.94693e+04 1.07491e+00
2.94843e+04 1.07495e+00
2.94993e+04 1.07499e+00
2.95144e+04 1.07503e+00
2.95294e+04 1.07507e+00
2.95444e+04 1.07511e+00
2.95595e+04 1.07515e+00
2.95745e+04 1.07519e+00
2.95895e+04 1.07522e+00
2.96045e+04 1.07526e+00
2.96196e+04 1.07530e+00
2.96346e+04 1.07534e+00
2.96496e+04 1.07538e+00
2.96647e+04 1.07542e+00
2.96797e+04 1.07546e+00
2.96947e+04 1.07550e+00
2.97098e+04 1.07553e+00
2.97248e+04 1.07557e+00
2.97398e+04 1.07561e+00
2.97549e+04 1.07565e+00
2.97699e+04 1.07569e+00
2.97849e+04 1.07573e+00
2.98000e+04 1.07577e+00
2.98150e+04 1.07581e+00
2.98300e+04 1.07584e+00
2.98451e+04 1.07588e+00
2.98601e+04 1.07592e+00
2.98751e+04 1.07596e+00
2.98902e+04 1.07600e+00
2.99052e+04 1.07604e+00
2.99202e+04 1.07608e+00
2.99353e+04 1.07612e+00
2.99503e+04 1.07615e+00
2.99653e+04 1.07619e+00
2.99804e+04 1.07623e+00
2.99954e+04 1.07627e+00
3.00104e+04 1.07631e+00
3.00255e+04 1.07635e+00
3.00405e+04 1.07639e+00
3.00555e+04 1.07643e+00
3.00705e+04 1.07646e+00
3.00856e+04 1.07650e+00
