# 4004
-3.00907e+04 4.98288e+03
-3.00757e+04 4.98293e+03
-3.00607e+04 4.98304e+03
-3.00457e+04 4.98321e+03
-3.00307e+04 4.98344e+03
-3.00157e+04 4.98372e+03
-3.00007e+04 4.98405e+03
-2.99857e+04 4.98444e+03
-2.99707e+04 4.98489e+03
-2.99557e+04 4.98539e+03
-2.99407e+04 4.98595e+03
-2.99257e+04 4.98656e+03
-2.99107e+04 4.98723e+03
-2.98957e+04 4.98795e+03
-2.98807e+04 4.98872e+03
-2.98657e+04 4.98955e+03
-2.98507e+04 4.99043e+03
-2.98356e+04 4.99136e+03
-2.98206e+04 4.99235e+03
-2.98056e+04 4.99339e+03
-2.97906e+04 4.99448e+03
-2.97756e+04 4.99562e+03
-2.97606e+04 4.99681e+03
-2.97456e+04 4.99805e+03
-2.97306e+04 4.99935e+03
-2.97156e+04 5.00069e+03
-2.97006e+04 5.00208e+03
-2.96856e+04 5.00352e+03
-2.96706e+04 5.00500e+03
-2.96556e+04 5.00654e+03
-2.96406e+04 5.00812e+03
-2.96256e+04 5.00974e+03
-2.96106e+04 5.01141e+03
-2.95956e+04 5.01313e+03
-2.95806e+04 5.01489e+03
-2.95656e+04 5.01669e+03
-2.95506e+04 5.01854e+03
-2.95356e+04 5.02043e+03
-2.95206e+04 5.02236e+03
-2.95055e+04 5.02433e+03
-2.94905e+04 5.02634e+03
-2.94755e+04 5.02839e+03
-2.94605e+04 5.03048e+03
-2.94455e+04 5.03261e+03
-2.94305e+04 5.03478e+03
-2.94155e+04 5.03698e+03
-2.94005e+04 5.03922e+03
-2.93855e+04 5.04149e+03
-2.93705e+04 5.04380e+03
-2.93555e+04 5.04614e+03
-2.93405e+04 5.04852e+03
-2.93255e+04 5.05093e+03
-2.93105e+04 5.05337e+03
-2.92955e+04 5.05584e+03
-2.92805e+04 5.05834e+03
-2.92655e+04 5.06087e+03
-2.92505e+04 5.06343e+03
-2.92355e+04 5.06602e+03
-2.92205e+04 5.06864e+03
-2.92055e+04 5.07128e+03
-2.91904e+04 5.07395e+03
-2.91754e+04 5.07665e+03
-2.91604e+04 5.07937e+03
-2.91454e+04 5.08211e+03
-2.91304e+04 5.08488e+03
-2.91154e+04 5.08768e+03
-2.91004e+04 5.09049e+03
-2.90854e+04 5.09333e+03
-2.90704e+04 5.09618e+03
-2.90554e+04 5.09906e+03
-2.90404e+04 5.10196e+03
-2.90254e+04 5.10488e+03
-2.90104e+04 5.10781e+03
-2.89953e+04 5.11077e+03
-2.89803e+04 5.11374e+03
-2.89653e+04 5.11673e+03
-2.89503e+04 5.11974e+03
-2.89353e+04 5.12276e+03
-2.89203e+04 5.12579e+03
-2.89052e+04 5.12885e+03
-2.88902e+04 5.13191e+03
-2.88752e+04 5.13499e+03
-2.88602e+04 5.13809e+03
-2.88452e+04 5.14119e+03
-2.88301e+04 5.14431e+03
-2.88151e+04 5.14744e+03
-2.88001e+04 5.15059e+03
-2.87851e+04 5.15374e+03
-2.87701e+04 5.15690e+03
-2.87550e+04 5.16008e+03
-2.87400e+04 5.16326e+03
-2.87250e+04 5.16645e+03
-2.87100e+04 5.16966e+03
-2.86950e+04 5.17287e+03
-2.86799e+04 5.17609e+03
-2.86649e+04 5.17931e+03
-2.86499e+04 5.18255e+03
-2.86349e+04 5.18579e+03
-2.86199e+04 5.18904e+03
-2.86048e+04 5.19229e+03
-2.85898e+04 5.19555e+03
-2.85748e+04 5.19881e+03
-2.85598e+04 5.20209e+03
-2.85448e+04 5.20536e+03
-2.85298e+04 5.20864e+03
-2.85147e+04 5.21193e+03
-2.84997e+04 5.21522e+03
-2.84847e+04 5.21851e+03
-2.84697e+04 5.22180e+03
-2.84547e+04 5.22510e+03
-2.84396e+04 5.22841e+03
-2.84246e+04 5.23171e+03
-2.84096e+04 5.23502e+03
-2.83946e+04 5.23833e+03
-2.83796e+04 5.24164e+03
-2.83645e+04 5.24495e+03
-2.83495e+04 5.24827e+03
-2.83345e+04 5.25159e+03
-2.83195e+04 5.25490e+03
-2.83045e+04 5.25822e+03
-2.82894e+04 5.26154e+03
-2.82744e+04 5.26486e+03
-2.82594e+04 5.26818e+03
-2.82444e+04 5.27150e+03
-2.82294e+04 5.27481e+03
-2.82143e+04 5.27813e+03
-2.81993e+04 5.28145e+03
-2.81843e+04 5.28477e+03
-2.81693e+04 5.28808e+03
-2.81543e+04 5.29140e+03
-2.81393e+04 5.29471e+03
-2.81242e+04 5.29802e+03
-2.81092e+04 5.30133e+03
-2.80942e+04 5.30464e+03
-2.80792e+04 5.30795e+03
-2.80642e+04 5.31125e+03
-2.80491e+04 5.31455e+03
-2.80341e+04 5.31785e+03
-2.80191e+04 5.32115e+03
-2.80041e+04 5.32444e+03
-2.79891e+04 5.32773e+03
-2.79740e+04 5.33102e+03
-2.79590e+04 5.33431e+03
-2.79440e+04 5.33759e+03
-2.79290e+04 5.34087e+03
-2.79140e+04 5.34414e+03
-2.78989e+04 5.34741e+03
-2.78839e+04 5.35068e+03
-2.78689e+04 5.35394e+03
-2.78539e+04 5.35720e+03
-2.78389e+04 5.36045e+03
-2.78239e+04 5.36370e+03
-2.78088e+04 5.36695e+03
-2.77938e+04 5.37019e+03
-2.77788e+04 5.37343e+03
-2.77638e+04 5.37666e+03
-2.77488e+04 5.37988e+03
-2.77337e+04 5.38311e+03
-2.77187e+04 5.38632e+03
-2.77037e+04 5.38953e+03
-2.76887e+04 5.39274e+03
-2.76737e+04 5.39594e+03
-2.76586e+04 5.39913e+03
-2.76436e+04 5.40232e+03
-2.76286e+04 5.40551e+03
-2.76136e+04 5.40868e+03
-2.75986e+04 5.41185e+03
-2.75835e+04 5.41502e+03
-2.75685e+04 5.41818e+03
-2.75535e+04 5.42133e+03
-2.75385e+04 5.42448e+03
-2.75235e+04 5.42762e+03
-2.75084e+04 5.43075e+03
-2.74934e+04 5.43388e+03
-2.74784e+04 5.43700e+03
-2.74634e+04 5.44012e+03
-2.74484e+04 5.44322e+03
-2.74334e+04 5.44632e+03
-2.74183e+04 5.44942e+03
-2.74033e+04 5.45250e+03
-2.73883e+04 5.45558e+03
-2.73733e+04 5.45866e+03
-2.73583e+04 5.46172e+03
-2.73432e+04 5.46478e+03
-2.73282e+04 5.46783e+03
-2.73132e+04 5.47087e+03
-2.72982e+04 5.47391e+03
-2.72832e+04 5.47694e+03
-2.72681e+04 5.47996e+03
-2.72531e+04 5.48297e+03
-2.72381e+04 5.48598e+03
-2.72231e+04 5.48898e+03
-2.72081e+04 5.49197e+03
-2.71930e+04 5.49495e+03
-2.71780e+04 5.49792e+03
-2.71630e+04 5.50089e+03
-2.71480e+04 5.50385e+03
-2.71330e+04 5.50680e+03
-2.71180e+04 5.50974e+03
-2.71029e+04 5.51267e+03
-2.70879e+04 5.51560e+03
-2.70729e+04 5.51852e+03
-2.70579e+04 5.52143e+03
-2.70429e+04 5.52433e+03
-2.70278e+04 5.52722e+03
-2.70128e+04 5.53010e+03
-2.69978e+04 5.53298e+03
-2.69828e+04 5.53585e+03
-2.69678e+04 5.53870e+03
-2.69527e+04 5.54155e+03
-2.69377e+04 5.54440e+03
-2.69227e+04 5.54723e+03
-2.69077e+04 5.55005e+03
-2.68927e+04 5.55287e+03
-2.68776e+04 5.55567e+03
-2.68626e+04 5.55847e+03
-2.68476e+04 5.56126e+03
-2.68326e+04 5.56404e+03
-2.68176e+04 5.56681e+03
-2.68025e+04 5.56957e+03
-2.67875e+04 5.57233e+03
-2.67725e+04 5.57507e+03
-2.67575e+04 5.57781e+03
-2.67425e+04 5.58054e+03
-2.67275e+04 5.58325e+03
-2.67124e+04 5.58596e+03
-2.66974e+04 5.58866e+03
-2.66824e+04 5.59135e+03
-2.66674e+04 5.59403e+03
-2.66524e+04 5.59671e+03
-2.66373e+04 5.59937e+03
-2.66223e+04 5.60202e+03
-2.66073e+04 5.60467e+03
-2.65923e+04 5.60730e+03
-2.65773e+04 5.60993e+03
-2.65622e+04 5.61255e+03
-2.65472e+04 5.61515e+03
-2.65322e+04 5.61775e+03
-2.65172e+04 5.62034e+03
-2.65022e+04 5.62292e+03
-2.64871e+04 5.62549e+03
-2.64721e+04 5.62806e+03
-2.64571e+04 5.63061e+03
-2.64421e+04 5.63315e+03
-2.64271e+04 5.63568e+03
-2.64120e+04 5.63821e+03
-2.63970e+04 5.64072e+03
-2.63820e+04 5.64323e+03
-2.63670e+04 5.64573e+03
-2.63520e+04 5.64821e+03
-2.63370e+04 5.65069e+03
-2.63219e+04 5.65316e+03
-2.63069e+04 5.65562e+03
-2.62919e+04 5.65807e+03
-2.62769e+04 5.66050e+03
-2.62619e+04 5.66294e+03
-2.62468e+04 5.66536e+03
-2.62318e+04 5.66777e+03
-2.62168e+04 5.67017e+03
-2.62018e+04 5.67256e+03
-2.61868e+04 5.67495e+03
-2.61717e+04 5.67732e+03
-2.61567e+04 5.67968e+03
-2.61417e+04 5.68204e+03
-2.61267e+04 5.68438e+03
-2.61117e+04 5.68672e+03
-2.60966e+04 5.68905e+03
-2.60816e+04 5.69136e+03
-2.60666e+04 5.69367e+03
-2.60516e+04 5.69597e+03
-2.60366e+04 5.69826e+03
-2.60216e+04 5.70054e+03
-2.60065e+04 5.70281e+03
-2.59915e+04 5.70507e+03
-2.59765e+04 5.70732e+03
-2.59615e+04 5.70956e+03
-2.59465e+04 5.71179e+03
-2.59314e+04 5.71401e+03
-2.59164e+04 5.71623e+03
-2.59014e+04 5.71843e+03
-2.58864e+04 5.72063e+03
-2.58714e+04 5.72281e+03
-2.58563e+04 5.72499e+03
-2.58413e+04 5.72715e+03
-2.58263e+04 5.72931e+03
-2.58113e+04 5.73146e+03
-2.57963e+04 5.73359e+03
-2.57812e+04 5.73572e+03
-2.57662e+04 5.73784e+03
-2.57512e+04 5.73995e+03
-2.57362e+04 5.74205e+03
-2.57212e+04 5.74415e+03
-2.57061e+04 5.74623e+03
-2.56911e+04 5.74830e+03
-2.56761e+04 5.75036e+03
-2.56611e+04 5.75242e+03
-2.56461e+04 5.75446e+03
-2.56311e+04 5.75650e+03
-2.56160e+04 5.75853e+03
-2.56010e+04 5.76054e+03
-2.55860e+04 5.76255e+03
-2.55710e+04 5.76455e+03
-2.55560e+04 5.76654e+03
-2.55409e+04 5.76852e+03
-2.55259e+04 5.77049e+03
-2.55109e+04 5.77245e+03
-2.54959e+04 5.77441e+03
-2.54809e+04 5.77635e+03
-2.54658e+04 5.77829e+03
-2.54508e+04 5.78021e+03
-2.54358e+04 5.78213e+03
-2.54208e+04 5.78404e+03
-2.54058e+04 5.78594e+03
-2.53907e+04 5.78783e+03
-2.53757e+04 5.78971e+03
-2.53607e+04 5.79158e+03
-2.53457e+04 5.79344e+03
-2.53307e+04 5.79530e+03
-2.53157e+04 5.79714e+03
-2.53006e+04 5.79898e+03
-2.52856e+04 5.80081e+03
-2.52706e+04 5.80263e+03
-2.52556e+04 5.80444e+03
-2.52406e+04 5.80624e+03
-2.52255e+04 5.80803e+03
-2.52105e+04 5.80982e+03
-2.51955e+04 5.81159e+03
-2.51805e+04 5.81336e+03
-2.51655e+04 5.81512e+03
-2.51504e+04 5.81687e+03
-2.51354e+04 5.81861e+03
-2.51204e+04 5.82034e+03
-2.51054e+04 5.82207e+03
-2.50904e+04 5.82378e+03
-2.50754e+04 5.82549e+03
-2.50603e+04 5.82719e+03
-2.50453e+04 5.82888e+03
-2.50303e+04 5.83056e+03
-2.50153e+04 5.83223e+03
-2.50003e+04 5.83390e+03
-2.49852e+04 5.83555e+03
-2.49702e+04 5.83720e+03
-2.49552e+04 5.83884e+03
-2.49402e+04 5.84048e+03
-2.49252e+04 5.84210e+03
-2.49101e+04 5.84372e+03
-2.48951e+04 5.84532e+03
-2.48801e+04 5.84692e+03
-2.48651e+04 5.84851e+03
-2.48501e+04 5.85010e+03
-2.48350e+04 5.85167e+03
-2.48200e+04 5.85324e+03
-2.48050e+04 5.85480e+03
-2.47900e+04 5.85635e+03
-2.47750e+04 5.85790e+03
-2.47600e+04 5.85943e+03
-2.47449e+04 5.86096e+03
-2.47299e+04 5.86248e+03
-2.47149e+04 5.86400e+03
-2.46999e+04 5.86550e+03
-2.46849e+04 5.86700e+03
-2.46698e+04 5.86849e+03
-2.46548e+04 5.86997e+03
-2.46398e+04 5.87145e+03
-2.46248e+04 5.87292e+03
-2.46098e+04 5.87438e+03
-2.45947e+04 5.87583e+03
-2.45797e+04 5.87728e+03
-2.45647e+04 5.87871e+03
-2.45497e+04 5.88014e+03
-2.45347e+04 5.88157e+03
-2.45197e+04 5.88298e+03
-2.45046e+04 5.88439e+03
-2.44896e+04 5.88580e+03
-2.44746e+04 5.88719e+03
-2.44596e+04 5.88858e+03
-2.44446e+04 5.88996e+03
-2.44295e+04 5.89133e+03
-2.44145e+04 5.89270e+03
-2.43995e+04 5.89406e+03
-2.43845e+04 5.89541e+03
-2.43695e+04 5.89676e+03
-2.43544e+04 5.89810e+03
-2.43394e+04 5.89943e+03
-2.43244e+04 5.90076e+03
-2.43094e+04 5.90208e+03
-2.42944e+04 5.90339e+03
-2.42794e+04 5.90470e+03
-2.42643e+04 5.90600e+03
-2.42493e+04 5.90729e+03
-2.42343e+04 5.90858e+03
-2.42193e+04 5.90986e+03
-2.42043e+04 5.91113e+03
-2.41892e+04 5.91240e+03
-2.41742e+04 5.91366e+03
-2.41592e+04 5.91491e+03
-2.41442e+04 5.91616e+03
-2.41292e+04 5.91740e+03
-2.41141e+04 5.91864e+03
-2.40991e+04 5.91987e+03
-2.40841e+04 5.92109e+03
-2.40691e+04 5.92231e+03
-2.40541e+04 5.92352e+03
-2.40391e+04 5.92473e+03
-2.40240e+04 5.92593e+03
-2.40090e+04 5.92712e+03
-2.39940e+04 5.92831e+03
-2.39790e+04 5.92949e+03
-2.39640e+04 5.93067e+03
-2.39489e+04 5.93184e+03
-2.39339e+04 5.93300e+03
-2.39189e+04 5.93416e+03
-2.39039e+04 5.93531e+03
-2.38889e+04 5.93646e+03
-2.38738e+04 5.93760e+03
-2.38588e+04 5.93874e+03
-2.38438e+04 5.93987e+03
-2.38288e+04 5.94099e+03
-2.38138e+04 5.94211e+03
-2.37988e+04 5.94322e+03
-2.37837e+04 5.94433e+03
-2.37687e+04 5.94544e+03
-2.37537e+04 5.94653e+03
-2.37387e+04 5.94763e+03
-2.37237e+04 5.94871e+03
-2.37086e+04 5.94979e+03
-2.36936e+04 5.95087e+03
-2.36786e+04 5.95194e+03
-2.36636e+04 5.95301e+03
-2.36486e+04 5.95407e+03
-2.36335e+04 5.95512e+03
-2.36185e+04 5.95617e+03
-2.36035e+04 5.95722e+03
-2.35885e+04 5.95826e+03
-2.35735e+04 5.95929e+03
-2.35585e+04 5.96032e+03
-2.35434e+04 5.96135e+03
-2.35284e+04 5.96237e+03
-2.35134e+04 5.96338e+03
-2.34984e+04 5.96439e+03
-2.34834e+04 5.96540e+03
-2.34683e+04 5.96640e+03
-2.34533e+04 5.96739e+03
-2.34383e+04 5.96838e+03
-2.34233e+04 5.96937e+03
-2.34083e+04 5.97035e+03
-2.33932e+04 5.97132e+03
-2.33782e+04 5.97229e+03
-2.33632e+04 5.97326e+03
-2.33482e+04 5.97422e+03
-2.33332e+04 5.97517e+03
-2.33182e+04 5.97612e+03
-2.33031e+04 5.97707e+03
-2.32881e+04 5.97801e+03
-2.32731e+04 5.97895e+03
-2.32581e+04 5.97988e+03
-2.32431e+04 5.98081e+03
-2.32280e+04 5.98173e+03
-2.32130e+04 5.98265e+03
-2.31980e+04 5.98356e+03
-2.31830e+04 5.98447e+03
-2.31680e+04 5.98537e+03
-2.31529e+04 5.98627e+03
-2.31379e+04 5.98717e+03
-2.31229e+04 5.98806e+03
-2.31079e+04 5.98894e+03
-2.30929e+04 5.98982e+03
-2.30779e+04 5.99070e+03
-2.30628e+04 5.99157e+03
-2.30478e+04 5.99243e+03
-2.30328e+04 5.99329e+03
-2.30178e+04 5.99415e+03
-2.30028e+04 5.99500e+03
-2.29877e+04 5.99585e+03
-2.29727e+04 5.99669e+03
-2.29577e+04 5.99753e+03
-2.29427e+04 5.99836e+03
-2.29277e+04 5.99919e+03
-2.29126e+04 6.00001e+03
-2.28976e+04 6.00083e+03
-2.28826e+04 6.00165e+03
-2.28676e+04 6.00246e+03
-2.28526e+04 6.00326e+03
-2.28375e+04 6.00406e+03
-2.28225e+04 6.00485e+03
-2.28075e+04 6.00564e+03
-2.27925e+04 6.00643e+03
-2.27775e+04 6.00721e+03
-2.27625e+04 6.00799e+03
-2.27474e+04 6.00876e+03
-2.27324e+04 6.00952e+03
-2.27174e+04 6.01028e+03
-2.27024e+04 6.01104e+03
-2.26874e+04 6.01179e+03
-2.26723e+04 6.01254e+03
-2.26573e+04 6.01328e+03
-2.26423e+04 6.01401e+03
-2.26273e+04 6.01474e+03
-2.26123e+04 6.01547e+03
-2.25972e+04 6.01619e+03
-2.25822e+04 6.01691e+03
-2.25672e+04 6.01762e+03
-2.25522e+04 6.01832e+03
-2.25372e+04 6.01902e+03
-2.25222e+04 6.01972e+03
-2.25071e+04 6.02041e+03
-2.24921e+04 6.02109e+03
-2.24771e+04 6.02177e+03
-2.24621e+04 6.02244e+03
-2.24471e+04 6.02311e+03
-2.24320e+04 6.02378e+03
-2.24170e+04 6.02443e+03
-2.24020e+04 6.02509e+03
-2.23870e+04 6.02573e+03
-2.23720e+04 6.02637e+03
-2.23569e+04 6.02701e+03
-2.23419e+04 6.02764e+03
-2.23269e+04 6.02826e+03
-2.23119e+04 6.02888e+03
-2.22969e+04 6.02949e+03
-2.22819e+04 6.03010e+03
-2.22668e+04 6.03070e+03
-2.22518e+04 6.03130e+03
-2.22368e+04 6.03189e+03
-2.22218e+04 6.03247e+03
-2.22068e+04 6.03305e+03
-2.21917e+04 6.03362e+03
-2.21767e+04 6.03418e+03
-2.21617e+04 6.03474e+03
-2.21467e+04 6.03529e+03
-2.21317e+04 6.03584e+03
-2.21166e+04 6.03638e+03
-2.21016e+04 6.03691e+03
-2.20866e+04 6.03744e+03
-2.20716e+04 6.03796e+03
-2.20566e+04 6.03848e+03
-2.20416e+04 6.03898e+03
-2.20265e+04 6.03948e+03
-2.20115e+04 6.03998e+03
-2.19965e+04 6.04047e+03
-2.19815e+04 6.04095e+03
-2.19665e+04 6.04142e+03
-2.19514e+04 6.04189e+03
-2.19364e+04 6.04235e+03
-2.19214e+04 6.04280e+03
-2.19064e+04 6.04324e+03
-2.18914e+04 6.04368e+03
-2.18763e+04 6.04411e+03
-2.18613e+04 6.04453e+03
-2.18463e+04 6.04495e+03
-2.18313e+04 6.04536e+03
-2.18163e+04 6.04576e+03
-2.18013e+04 6.04615e+03
-2.17862e+04 6.04653e+03
-2.17712e+04 6.04691e+03
-2.17562e+04 6.04728e+03
-2.17412e+04 6.04764e+03
-2.17262e+04 6.04799e+03
-2.17111e+04 6.04833e+03
-2.16961e+04 6.04866e+03
-2.16811e+04 6.04899e+03
-2.16661e+04 6.04931e+03
-2.16511e+04 6.04962e+03
-2.16360e+04 6.04991e+03
-2.16210e+04 6.05020e+03
-2.16060e+04 6.05049e+03
-2.15910e+04 6.05076e+03
-2.15760e+04 6.05102e+03
-2.15610e+04 6.05127e+03
-2.15459e+04 6.05151e+03
-2.15309e+04 6.05175e+03
-2.15159e+04 6.05197e+03
-2.15009e+04 6.05218e+03
-2.14859e+04 6.05239e+03
-2.14708e+04 6.05258e+03
-2.14558e+04 6.05276e+03
-2.14408e+04 6.05293e+03
-2.14258e+04 6.05309e+03
-2.14108e+04 6.05324e+03
-2.13957e+04 6.05338e+03
-2.13807e+04 6.05350e+03
-2.13657e+04 6.05362e+03
-2.13507e+04 6.05372e+03
-2.13357e+04 6.05381e+03
-2.13207e+04 6.05389e+03
-2.13056e+04 6.05395e+03
-2.12906e+04 6.05401e+03
-2.12756e+04 6.05405e+03
-2.12606e+04 6.05407e+03
-2.12456e+04 6.05409e+03
-2.12305e+04 6.05409e+03
-2.12155e+04 6.05408e+03
-2.12005e+04 6.05405e+03
-2.11855e+04 6.05401e+03
-2.11705e+04 6.05395e+03
-2.11554e+04 6.05388e+03
-2.11404e+04 6.05380e+03
-2.11254e+04 6.05370e+03
-2.11104e+04 6.05358e+03
-2.10954e+04 6.05345e+03
-2.10804e+04 6.05331e+03
-2.10653e+04 6.05314e+03
-2.10503e+04 6.05296e+03
-2.10353e+04 6.05277e+03
-2.10203e+04 6.05255e+03
-2.10053e+04 6.05232e+03
-2.09902e+04 6.05208e+03
-2.09752e+04 6.05181e+03
-2.09602e+04 6.05153e+03
-2.09452e+04 6.05123e+03
-2.09302e+04 6.05091e+03
-2.09151e+04 6.05057e+03
-2.09001e+04 6.05021e+03
-2.08851e+04 6.04983e+03
-2.08701e+04 6.04943e+03
-2.08551e+04 6.04901e+03
-2.08401e+04 6.04857e+03
-2.08250e+04 6.04811e+03
-2.08100e+04 6.04763e+03
-2.07950e+04 6.04712e+03
-2.07800e+04 6.04660e+03
-2.07650e+04 6.04605e+03
-2.07499e+04 6.04548e+03
-2.07349e+04 6.04489e+03
-2.07199e+04 6.04427e+03
-2.07049e+04 6.04363e+03
-2.06899e+04 6.04297e+03
-2.06748e+04 6.04228e+03
-2.06598e+04 6.04157e+03
-2.06448e+04 6.04083e+03
-2.06298e+04 6.04007e+03
-2.06148e+04 6.03928e+03
-2.05997e+04 6.03846e+03
-2.05847e+04 6.03762e+03
-2.05697e+04 6.03675e+03
-2.05547e+04 6.03586e+03
-2.05397e+04 6.03494e+03
-2.05247e+04 6.03399e+03
-2.05096e+04 6.03301e+03
-2.04946e+04 6.03200e+03
-2.04796e+04 6.03097e+03
-2.04646e+04 6.02991e+03
-2.04496e+04 6.02882e+03
-2.04345e+04 6.02770e+03
-2.04195e+04 6.02654e+03
-2.04045e+04 6.02536e+03
-2.03895e+04 6.02415e+03
-2.03745e+04 6.02291e+03
-2.03594e+04 6.02164e+03
-2.03444e+04 6.02034e+03
-2.03294e+04 6.01900e+03
-2.03144e+04 6.01764e+03
-2.02994e+04 6.01624e+03
-2.02844e+04 6.01481e+03
-2.02693e+04 6.01335e+03
-2.02543e+04 6.01186e+03
-2.02393e+04 6.01033e+03
-2.02243e+04 6.00877e+03
-2.02093e+04 6.00718e+03
-2.01942e+04 6.00556e+03
-2.01792e+04 6.00390e+03
-2.01642e+04 6.00221e+03
-2.01492e+04 6.00049e+03
-2.01342e+04 5.99873e+03
-2.01191e+04 5.99694e+03
-2.01041e+04 5.99512e+03
-2.00891e+04 5.99327e+03
-2.00741e+04 5.99138e+03
-2.00591e+04 5.98945e+03
-2.00441e+04 5.98750e+03
-2.00290e+04 5.98551e+03
-2.00140e+04 5.98348e+03
-1.99990e+04 5.98143e+03
-1.99840e+04 5.97934e+03
-1.99690e+04 5.97722e+03
-1.99539e+04 5.97506e+03
-1.99389e+04 5.97287e+03
-1.99239e+04 5.97065e+03
-1.99089e+04 5.96839e+03
-1.98939e+04 5.96611e+03
-1.98788e+04 5.96379e+03
-1.98638e+04 5.96144e+03
-1.98488e+04 5.95905e+03
-1.98338e+04 5.95664e+03
-1.98188e+04 5.95419e+03
-1.98038e+04 5.95171e+03
-1.97887e+04 5.94920e+03
-1.97737e+04 5.94667e+03
-1.97587e+04 5.94410e+03
-1.97437e+04 5.94149e+03
-1.97287e+04 5.93886e+03
-1.97136e+04 5.93621e+03
-1.96986e+04 5.93352e+03
-1.96836e+04 5.93080e+03
-1.96686e+04 5.92805e+03
-1.96536e+04 5.92528e+03
-1.96385e+04 5.92248e+03
-1.96235e+04 5.91965e+03
-1.96085e+04 5.91680e+03
-1.95935e+04 5.91391e+03
-1.95785e+04 5.91101e+03
-1.95635e+04 5.90807e+03
-1.95484e+04 5.90512e+03
-1.95334e+04 5.90213e+03
-1.95184e+04 5.89913e+03
-1.95034e+04 5.89610e+03
-1.94884e+04 5.89304e+03
-1.94733e+04 5.88997e+03
-1.94583e+04 5.88687e+03
-1.94433e+04 5.88375e+03
-1.94283e+04 5.88061e+03
-1.94133e+04 5.87745e+03
-1.93982e+04 5.87427e+03
-1.93832e+04 5.87107e+03
-1.93682e+04 5.86785e+03
-1.93532e+04 5.86461e+03
-1.93381e+04 5.86135e+03
-1.93231e+04 5.85808e+03
-1.93081e+04 5.85479e+03
-1.92931e+04 5.85148e+03
-1.92780e+04 5.84816e+03
-1.92630e+04 5.84482e+03
-1.92480e+04 5.84147e+03
-1.92330e+04 5.83810e+03
-1.92179e+04 5.83472e+03
-1.92029e+04 5.83132e+03
-1.91879e+04 5.82791e+03
-1.91729e+04 5.82449e+03
-1.91578e+04 5.82106e+03
-1.91428e+04 5.81762e+03
-1.91278e+04 5.81416e+03
-1.91128e+04 5.81070e+03
-1.90978e+04 5.80722e+03
-1.90827e+04 5.80374e+03
-1.90677e+04 5.80025e+03
-1.90527e+04 5.79674e+03
-1.90377e+04 5.79323e+03
-1.90226e+04 5.78971e+03
-1.90076e+04 5.78619e+03
-1.89926e+04 5.78265e+03
-1.89776e+04 5.77911e+03
-1.89625e+04 5.77557e+03
-1.89475e+04 5.77202e+03
-1.89325e+04 5.76846e+03
-1.89175e+04 5.76490e+03
-1.89024e+04 5.76133e+03
-1.88874e+04 5.75775e+03
-1.88724e+04 5.75418e+03
-1.88574e+04 5.75060e+03
-1.88423e+04 5.74701e+03
-1.88273e+04 5.74342e+03
-1.88123e+04 5.73983e+03
-1.87973e+04 5.73624e+03
-1.87822e+04 5.73264e+03
-1.87672e+04 5.72904e+03
-1.87522e+04 5.72544e+03
-1.87372e+04 5.72183e+03
-1.87222e+04 5.71822e+03
-1.87071e+04 5.71462e+03
-1.86921e+04 5.71101e+03
-1.86771e+04 5.70740e+03
-1.86621e+04 5.70378e+03
-1.86470e+04 5.70017e+03
-1.86320e+04 5.69655e+03
-1.86170e+04 5.69294e+03
-1.86020e+04 5.68932e+03
-1.85869e+04 5.68570e+03
-1.85719e+04 5.68208e+03
-1.85569e+04 5.67847e+03
-1.85419e+04 5.67485e+03
-1.85268e+04 5.67123e+03
-1.85118e+04 5.66760e+03
-1.84968e+04 5.66398e+03
-1.84818e+04 5.66036e+03
-1.84667e+04 5.65674e+03
-1.84517e+04 5.65312e+03
-1.84367e+04 5.64950e+03
-1.84217e+04 5.64587e+03
-1.84066e+04 5.64225e+03
-1.83916e+04 5.63862e+03
-1.83766e+04 5.63500e+03
-1.83616e+04 5.63138e+03
-1.83466e+04 5.62775e+03
-1.83315e+04 5.62412e+03
-1.83165e+04 5.62050e+03
-1.83015e+04 5.61687e+03
-1.82865e+04 5.61324e+03
-1.82714e+04 5.60961e+03
-1.82564e+04 5.60599e+03
-1.82414e+04 5.60235e+03
-1.82264e+04 5.59872e+03
-1.82113e+04 5.59509e+03
-1.81963e+04 5.59146e+03
-1.81813e+04 5.58783e+03
-1.81663e+04 5.58419e+03
-1.81512e+04 5.58055e+03
-1.81362e+04 5.57692e+03
-1.81212e+04 5.57328e+03
-1.81062e+04 5.56964e+03
-1.80911e+04 5.56599e+03
-1.80761e+04 5.56235e+03
-1.80611e+04 5.55871e+03
-1.80461e+04 5.55506e+03
-1.80310e+04 5.55141e+03
-1.80160e+04 5.54776e+03
-1.80010e+04 5.54411e+03
-1.79860e+04 5.54045e+03
-1.79710e+04 5.53680e+03
-1.79559e+04 5.53314e+03
-1.79409e+04 5.52948e+03
-1.79259e+04 5.52581e+03
-1.79109e+04 5.52215e+03
-1.78958e+04 5.51848e+03
-1.78808e+04 5.51481e+03
-1.78658e+04 5.51114e+03
-1.78508e+04 5.50746e+03
-1.78357e+04 5.50379e+03
-1.78207e+04 5.50011e+03
-1.78057e+04 5.49642e+03
-1.77907e+04 5.49274e+03
-1.77756e+04 5.48905e+03
-1.77606e+04 5.48536e+03
-1.77456e+04 5.48167e+03
-1.77306e+04 5.47797e+03
-1.77155e+04 5.47427e+03
-1.77005e+04 5.47057e+03
-1.76855e+04 5.46687e+03
-1.76705e+04 5.46316e+03
-1.76554e+04 5.45945e+03
-1.76404e+04 5.45574e+03
-1.76254e+04 5.45202e+03
-1.76104e+04 5.44830e+03
-1.75954e+04 5.44458e+03
-1.75803e+04 5.44086e+03
-1.75653e+04 5.43713e+03
-1.75503e+04 5.43341e+03
-1.75353e+04 5.42967e+03
-1.75202e+04 5.42594e+03
-1.75052e+04 5.42220e+03
-1.74902e+04 5.41846e+03
-1.74752e+04 5.41472e+03
-1.74601e+04 5.41098e+03
-1.74451e+04 5.40723e+03
-1.74301e+04 5.40348e+03
-1.74151e+04 5.39973e+03
-1.74000e+04 5.39597e+03
-1.73850e+04 5.39222e+03
-1.73700e+04 5.38846e+03
-1.73550e+04 5.38470e+03
-1.73399e+04 5.38094e+03
-1.73249e+04 5.37717e+03
-1.73099e+04 5.37340e+03
-1.72949e+04 5.36964e+03
-1.72798e+04 5.36587e+03
-1.72648e+04 5.36209e+03
-1.72498e+04 5.35832e+03
-1.72348e+04 5.35454e+03
-1.72198e+04 5.35077e+03
-1.72047e+04 5.34699e+03
-1.71897e+04 5.34321e+03
-1.71747e+04 5.33943e+03
-1.71597e+04 5.33565e+03
-1.71446e+04 5.33186e+03
-1.71296e+04 5.32808e+03
-1.71146e+04 5.32430e+03
-1.70996e+04 5.32051e+03
-1.70845e+04 5.31672e+03
-1.70695e+04 5.31294e+03
-1.70545e+04 5.30915e+03
-1.70395e+04 5.30536e+03
-1.70244e+04 5.30158e+03
-1.70094e+04 5.29779e+03
-1.69944e+04 5.29400e+03
-1.69794e+04 5.29021e+03
-1.69643e+04 5.28642e+03
-1.69493e+04 5.28264e+03
-1.69343e+04 5.27885e+03
-1.69193e+04 5.27506e+03
-1.69042e+04 5.27128e+03
-1.68892e+04 5.26749e+03
-1.68742e+04 5.26371e+03
-1.68592e+04 5.25992e+03
-1.68442e+04 5.25614e+03
-1.68291e+04 5.25236e+03
-1.68141e+04 5.24858e+03
-1.67991e+04 5.24480e+03
-1.67841e+04 5.24103e+03
-1.67690e+04 5.23725e+03
-1.67540e+04 5.23348e+03
-1.67390e+04 5.22971e+03
-1.67240e+04 5.22594e+03
-1.67089e+04 5.22217e+03
-1.66939e+04 5.21840e+03
-1.66789e+04 5.21464e+03
-1.66639e+04 5.21088e+03
-1.66488e+04 5.20712e+03
-1.66338e+04 5.20337e+03
-1.66188e+04 5.19962e+03
-1.66038e+04 5.19587e+03
-1.65887e+04 5.19212e+03
-1.65737e+04 5.18838e+03
-1.65587e+04 5.18464e+03
-1.65437e+04 5.18090e+03
-1.65286e+04 5.17717e+03
-1.65136e+04 5.17344e+03
-1.64986e+04 5.16972e+03
-1.64836e+04 5.16600e+03
-1.64686e+04 5.16228e+03
-1.64535e+04 5.15857e+03
-1.64385e+04 5.15486e+03
-1.64235e+04 5.15115e+03
-1.64085e+04 5.14746e+03
-1.63934e+04 5.14376e+03
-1.63784e+04 5.14007e+03
-1.63634e+04 5.13638e+03
-1.63484e+04 5.13270e+03
-1.63333e+04 5.12903e+03
-1.63183e+04 5.12536e+03
-1.63033e+04 5.12169e+03
-1.62883e+04 5.11803e+03
-1.62732e+04 5.11438e+03
-1.62582e+04 5.11073e+03
-1.62432e+04 5.10709e+03
-1.62282e+04 5.10345e+03
-1.62131e+04 5.09982e+03
-1.61981e+04 5.09620e+03
-1.61831e+04 5.09258e+03
-1.61681e+04 5.08896e+03
-1.61530e+04 5.08536e+03
-1.61380e+04 5.08176e+03
-1.61230e+04 5.07816e+03
-1.61080e+04 5.07458e+03
-1.60930e+04 5.07100e+03
-1.60779e+04 5.06743e+03
-1.60629e+04 5.06386e+03
-1.60479e+04 5.06030e+03
-1.60329e+04 5.05675e+03
-1.60178e+04 5.05320e+03
-1.60028e+04 5.04967e+03
-1.59878e+04 5.04614e+03
-1.59728e+04 5.04262e+03
-1.59577e+04 5.03910e+03
-1.59427e+04 5.03560e+03
-1.59277e+04 5.03210e+03
-1.59127e+04 5.02861e+03
-1.58976e+04 5.02512e+03
-1.58826e+04 5.02165e+03
-1.58676e+04 5.01818e+03
-1.58526e+04 5.01473e+03
-1.58375e+04 5.01128e+03
-1.58225e+04 5.00784e+03
-1.58075e+04 5.00440e+03
-1.57925e+04 5.00098e+03
-1.57775e+04 4.99756e+03
-1.57624e+04 4.99416e+03
-1.57474e+04 4.99076e+03
-1.57324e+04 4.98737e+03
-1.57174e+04 4.98399e+03
-1.57023e+04 4.98062e+03
-1.56873e+04 4.97726e+03
-1.56723e+04 4.97391e+03
-1.56573e+04 4.97057e+03
-1.56422e+04 4.96724e+03
-1.56272e+04 4.96391e+03
-1.56122e+04 4.96060e+03
-1.55972e+04 4.95730e+03
-1.55821e+04 4.95400e+03
-1.55671e+04 4.95072e+03
-1.55521e+04 4.94744e+03
-1.55371e+04 4.94418e+03
-1.55220e+04 4.94093e+03
-1.55070e+04 4.93768e+03
-1.54920e+04 4.93445e+03
-1.54770e+04 4.93122e+03
-1.54619e+04 4.92801e+03
-1.54469e+04 4.92480e+03
-1.54319e+04 4.92161e+03
-1.54169e+04 4.91843e+03
-1.54019e+04 4.91526e+03
-1.53868e+04 4.91209e+03
-1.53718e+04 4.90894e+03
-1.53568e+04 4.90580e+03
-1.53418e+04 4.90267e+03
-1.53267e+04 4.89955e+03
-1.53117e+04 4.89644e+03
-1.52967e+04 4.89334e+03
-1.52817e+04 4.89026e+03
-1.52666e+04 4.88718e+03
-1.52516e+04 4.88411e+03
-1.52366e+04 4.88106e+03
-1.52216e+04 4.87801e+03
-1.52065e+04 4.87498e+03
-1.51915e+04 4.87196e+03
-1.51765e+04 4.86895e+03
-1.51615e+04 4.86595e+03
-1.51464e+04 4.86296e+03
-1.51314e+04 4.85998e+03
-1.51164e+04 4.85701e+03
-1.51014e+04 4.85406e+03
-1.50863e+04 4.85111e+03
-1.50713e+04 4.84818e+03
-1.50563e+04 4.84526e+03
-1.50413e+04 4.84235e+03
-1.50263e+04 4.83945e+03
-1.50112e+04 4.83656e+03
-1.49962e+04 4.83368e+03
-1.49812e+04 4.83081e+03
-1.49662e+04 4.82796e+03
-1.49511e+04 4.82511e+03
-1.49361e+04 4.82228e+03
-1.49211e+04 4.81946e+03
-1.49061e+04 4.81665e+03
-1.48910e+04 4.81385e+03
-1.48760e+04 4.81106e+03
-1.48610e+04 4.80828e+03
-1.48460e+04 4.80552e+03
-1.48309e+04 4.80276e+03
-1.48159e+04 4.80002e+03
-1.48009e+04 4.79729e+03
-1.47859e+04 4.79456e+03
-1.47708e+04 4.79185e+03
-1.47558e+04 4.78915e+03
-1.47408e+04 4.78647e+03
-1.47258e+04 4.78379e+03
-1.47107e+04 4.78112e+03
-1.46957e+04 4.77847e+03
-1.46807e+04 4.77582e+03
-1.46657e+04 4.77319e+03
-1.46507e+04 4.77057e+03
-1.46356e+04 4.76795e+03
-1.46206e+04 4.76535e+03
-1.46056e+04 4.76276e+03
-1.45906e+04 4.76018e+03
-1.45755e+04 4.75761e+03
-1.45605e+04 4.75506e+03
-1.45455e+04 4.75251e+03
-1.45305e+04 4.74997e+03
-1.45154e+04 4.74745e+03
-1.45004e+04 4.74493e+03
-1.44854e+04 4.74243e+03
-1.44704e+04 4.73993e+03
-1.44553e+04 4.73745e+03
-1.44403e+04 4.73498e+03
-1.44253e+04 4.73251e+03
-1.44103e+04 4.73006e+03
-1.43952e+04 4.72762e+03
-1.43802e+04 4.72519e+03
-1.43652e+04 4.72277e+03
-1.43502e+04 4.72036e+03
-1.43351e+04 4.71796e+03
-1.43201e+04 4.71557e+03
-1.43051e+04 4.71319e+03
-1.42901e+04 4.71082e+03
-1.42751e+04 4.70846e+03
-1.42600e+04 4.70611e+03
-1.42450e+04 4.70377e+03
-1.42300e+04 4.70144e+03
-1.42150e+04 4.69912e+03
-1.41999e+04 4.69681e+03
-1.41849e+04 4.69451e+03
-1.41699e+04 4.69222e+03
-1.41549e+04 4.68995e+03
-1.41398e+04 4.68768e+03
-1.41248e+04 4.68542e+03
-1.41098e+04 4.68317e+03
-1.40948e+04 4.68093e+03
-1.40797e+04 4.67870e+03
-1.40647e+04 4.67649e+03
-1.40497e+04 4.67428e+03
-1.40347e+04 4.67208e+03
-1.40196e+04 4.66989e+03
-1.40046e+04 4.66772e+03
-1.39896e+04 4.66555e+03
-1.39746e+04 4.66339e+03
-1.39595e+04 4.66124e+03
-1.39445e+04 4.65911e+03
-1.39295e+04 4.65698e+03
-1.39145e+04 4.65486e+03
-1.38995e+04 4.65275e+03
-1.38844e+04 4.65066e+03
-1.38694e+04 4.64857e+03
-1.38544e+04 4.64650e+03
-1.38394e+04 4.64443e+03
-1.38243e+04 4.64237e+03
-1.38093e+04 4.64033e+03
-1.37943e+04 4.63830e+03
-1.37793e+04 4.63627e+03
-1.37642e+04 4.63426e+03
-1.37492e+04 4.63226e+03
-1.37342e+04 4.63026e+03
-1.37192e+04 4.62828e+03
-1.37041e+04 4.62631e+03
-1.36891e+04 4.62435e+03
-1.36741e+04 4.62240e+03
-1.36591e+04 4.62046e+03
-1.36440e+04 4.61853e+03
-1.36290e+04 4.61662e+03
-1.36140e+04 4.61471e+03
-1.35990e+04 4.61282e+03
-1.35839e+04 4.61093e+03
-1.35689e+04 4.60906e+03
-1.35539e+04 4.60720e+03
-1.35389e+04 4.60535e+03
-1.35239e+04 4.60351e+03
-1.35088e+04 4.60168e+03
-1.34938e+04 4.59987e+03
-1.34788e+04 4.59806e+03
-1.34638e+04 4.59627e+03
-1.34487e+04 4.59449e+03
-1.34337e+04 4.59272e+03
-1.34187e+04 4.59096e+03
-1.34037e+04 4.58922e+03
-1.33886e+04 4.58748e+03
-1.33736e+04 4.58576e+03
-1.33585e+04 4.58405e+03
-1.33435e+04 4.58235e+03
-1.33284e+04 4.58067e+03
-1.33134e+04 4.57899e+03
-1.32983e+04 4.57733e+03
-1.32833e+04 4.57568e+03
-1.32682e+04 4.57405e+03
-1.32532e+04 4.57242e+03
-1.32381e+04 4.57081e+03
-1.32231e+04 4.56921e+03
-1.32080e+04 4.56762e+03
-1.31930e+04 4.56605e+03
-1.31779e+04 4.56448e+03
-1.31629e+04 4.56293e+03
-1.31478e+04 4.56140e+03
-1.31328e+04 4.55987e+03
-1.31177e+04 4.55836e+03
-1.31027e+04 4.55686e+03
-1.30876e+04 4.55537e+03
-1.30726e+04 4.55390e+03
-1.30575e+04 4.55243e+03
-1.30425e+04 4.55099e+03
-1.30274e+04 4.54955e+03
-1.30124e+04 4.54812e+03
-1.29973e+04 4.54671e+03
-1.29823e+04 4.54531e+03
-1.29672e+04 4.54393e+03
-1.29522e+04 4.54256e+03
-1.29371e+04 4.54119e+03
-1.29221e+04 4.53985e+03
-1.29070e+04 4.53851e+03
-1.28920e+04 4.53719e+03
-1.28769e+04 4.53588e+03
-1.28619e+04 4.53458e+03
-1.28468e+04 4.53329e+03
-1.28318e+04 4.53202e+03
-1.28167e+04 4.53076e+03
-1.28017e+04 4.52951e+03
-1.27866e+04 4.52827e+03
-1.27716e+04 4.52705e+03
-1.27565e+04 4.52584e+03
-1.27415e+04 4.52464e+03
-1.27264e+04 4.52345e+03
-1.27114e+04 4.52227e+03
-1.26963e+04 4.52111e+03
-1.26813e+04 4.51995e+03
-1.26662e+04 4.51881e+03
-1.26512e+04 4.51768e+03
-1.26361e+04 4.51657e+03
-1.26211e+04 4.51546e+03
-1.26060e+04 4.51437e+03
-1.25910e+04 4.51328e+03
-1.25759e+04 4.51221e+03
-1.25609e+04 4.51115e+03
-1.25458e+04 4.51010e+03
-1.25308e+04 4.50906e+03
-1.25157e+04 4.50803e+03
-1.25007e+04 4.50701e+03
-1.24856e+04 4.50600e+03
-1.24706e+04 4.50501e+03
-1.24555e+04 4.50402e+03
-1.24405e+04 4.50304e+03
-1.24254e+04 4.50208e+03
-1.24104e+04 4.50112e+03
-1.23953e+04 4.50017e+03
-1.23803e+04 4.49924e+03
-1.23653e+04 4.49831e+03
-1.23502e+04 4.49739e+03
-1.23352e+04 4.49648e+03
-1.23201e+04 4.49558e+03
-1.23051e+04 4.49469e+03
-1.22900e+04 4.49381e+03
-1.22750e+04 4.49294e+03
-1.22599e+04 4.49208e+03
-1.22449e+04 4.49122e+03
-1.22298e+04 4.49038e+03
-1.22148e+04 4.48954e+03
-1.21997e+04 4.48871e+03
-1.21847e+04 4.48789e+03
-1.21696e+04 4.48707e+03
-1.21546e+04 4.48627e+03
-1.21395e+04 4.48547e+03
-1.21245e+04 4.48468e+03
-1.21094e+04 4.48389e+03
-1.20944e+04 4.48312e+03
-1.20793e+04 4.48235e+03
-1.20643e+04 4.48159e+03
-1.20492e+04 4.48083e+03
-1.20342e+04 4.48008e+03
-1.20191e+04 4.47934e+03
-1.20041e+04 4.47861e+03
-1.19890e+04 4.47788e+03
-1.19740e+04 4.47716e+03
-1.19589e+04 4.47644e+03
-1.19439e+04 4.47573e+03
-1.19288e+04 4.47502e+03
-1.19138e+04 4.47433e+03
-1.18987e+04 4.47363e+03
-1.18837e+04 4.47294e+03
-1.18686e+04 4.47226e+03
-1.18536e+04 4.47159e+03
-1.18385e+04 4.47091e+03
-1.18235e+04 4.47025e+03
-1.18084e+04 4.46958e+03
-1.17934e+04 4.46893e+03
-1.17783e+04 4.46827e+03
-1.17633e+04 4.46763e+03
-1.17482e+04 4.46698e+03
-1.17332e+04 4.46634e+03
-1.17181e+04 4.46571e+03
-1.17031e+04 4.46508e+03
-1.16880e+04 4.46445e+03
-1.16730e+04 4.46382e+03
-1.16579e+04 4.46320e+03
-1.16429e+04 4.46259e+03
-1.16278e+04 4.46198e+03
-1.16128e+04 4.46137e+03
-1.15977e+04 4.46076e+03
-1.15827e+04 4.46016e+03
-1.15676e+04 4.45956e+03
-1.15526e+04 4.45896e+03
-1.15375e+04 4.45837e+03
-1.15225e+04 4.45778e+03
-1.15074e+04 4.45719e+03
-1.14924e+04 4.45660e+03
-1.14773e+04 4.45602e+03
-1.14623e+04 4.45544e+03
-1.14472e+04 4.45486e+03
-1.14322e+04 4.45429e+03
-1.14171e+04 4.45371e+03
-1.14021e+04 4.45314e+03
-1.13870e+04 4.45257e+03
-1.13720e+04 4.45200e+03
-1.13569e+04 4.45144e+03
-1.13419e+04 4.45087e+03
-1.13268e+04 4.45031e+03
-1.13118e+04 4.44975e+03
-1.12967e+04 4.44919e+03
-1.12817e+04 4.44863e+03
-1.12666e+04 4.44808e+03
-1.12516e+04 4.44752e+03
-1.12365e+04 4.44697e+03
-1.12215e+04 4.44642e+03
-1.12064e+04 4.44586e+03
-1.11914e+04 4.44531e+03
-1.11763e+04 4.44476e+03
-1.11613e+04 4.44422e+03
-1.11462e+04 4.44367e+03
-1.11312e+04 4.44312e+03
-1.11161e+04 4.44257e+03
-1.11011e+04 4.44203e+03
-1.10861e+04 4.44148e+03
-1.10710e+04 4.44094e+03
-1.10560e+04 4.44040e+03
-1.10409e+04 4.43985e+03
-1.10259e+04 4.43931e+03
-1.10108e+04 4.43877e+03
-1.09958e+04 4.43822e+03
-1.09807e+04 4.43768e+03
-1.09657e+04 4.43714e+03
-1.09506e+04 4.43660e+03
-1.09356e+04 4.43605e+03
-1.09205e+04 4.43551e+03
-1.09055e+04 4.43497e+03
-1.08904e+04 4.43443e+03
-1.08754e+04 4.43388e+03
-1.08603e+04 4.43334e+03
-1.08453e+04 4.43280e+03
-1.08302e+04 4.43226e+03
-1.08152e+04 4.43171e+03
-1.08001e+04 4.43117e+03
-1.07851e+04 4.43062e+03
-1.07700e+04 4.43008e+03
-1.07550e+04 4.42953e+03
-1.07399e+04 4.42899e+03
-1.07249e+04 4.42844e+03
-1.07098e+04 4.42790e+03
-1.06948e+04 4.42735e+03
-1.06797e+04 4.42680e+03
-1.06647e+04 4.42625e+03
-1.06496e+04 4.42570e+03
-1.06346e+04 4.42515e+03
-1.06195e+04 4.42460e+03
-1.06045e+04 4.42405e+03
-1.05894e+04 4.42350e+03
-1.05744e+04 4.42295e+03
-1.05593e+04 4.42239e+03
-1.05443e+04 4.42184e+03
-1.05292e+04 4.42128e+03
-1.05142e+04 4.42072e+03
-1.04991e+04 4.42016e+03
-1.04841e+04 4.41961e+03
-1.04690e+04 4.41905e+03
-1.04540e+04 4.41848e+03
-1.04389e+04 4.41792e+03
-1.04239e+04 4.41736e+03
-1.04088e+04 4.41679e+03
-1.03938e+04 4.41623e+03
-1.03787e+04 4.41566e+03
-1.03636e+04 4.41509e+03
-1.03486e+04 4.41452e+03
-1.03335e+04 4.41395e+03
-1.03184e+04 4.41338e+03
-1.03034e+04 4.41281e+03
-1.02883e+04 4.41223e+03
-1.02733e+04 4.41166e+03
-1.02582e+04 4.41108e+03
-1.02431e+04 4.41050e+03
-1.02281e+04 4.40992e+03
-1.02130e+04 4.40934e+03
-1.01979e+04 4.40875e+03
-1.01829e+04 4.40817e+03
-1.01678e+04 4.40758e+03
-1.01528e+04 4.40700e+03
-1.01377e+04 4.40641e+03
-1.01226e+04 4.40582e+03
-1.01076e+04 4.40522e+03
-1.00925e+04 4.40463e+03
-1.00774e+04 4.40403e+03
-1.00624e+04 4.40344e+03
-1.00473e+04 4.40284e+03
-1.00323e+04 4.40224e+03
-1.00172e+04 4.40163e+03
-1.00021e+04 4.40103e+03
-9.98706e+03 4.40042e+03
-9.97200e+03 4.39982e+03
-9.95694e+03 4.39921e+03
-9.94187e+03 4.39859e+03
-9.92681e+03 4.39798e+03
-9.91175e+03 4.39737e+03
-9.89668e+03 4.39675e+03
-9.88162e+03 4.39613e+03
-9.86656e+03 4.39551e+03
-9.85150e+03 4.39489e+03
-9.83643e+03 4.39426e+03
-9.82137e+03 4.39364e+03
-9.80631e+03 4.39301e+03
-9.79124e+03 4.39238e+03
-9.77618e+03 4.39174e+03
-9.76112e+03 4.39111e+03
-9.74605e+03 4.39047e+03
-9.73099e+03 4.38983e+03
-9.71593e+03 4.38919e+03
-9.70087e+03 4.38855e+03
-9.68580e+03 4.38790e+03
-9.67074e+03 4.38726e+03
-9.65568e+03 4.38661e+03
-9.64061e+03 4.38596e+03
-9.62555e+03 4.38530e+03
-9.61049e+03 4.38465e+03
-9.59542e+03 4.38399e+03
-9.58036e+03 4.38333e+03
-9.56530e+03 4.38266e+03
-9.55024e+03 4.38200e+03
-9.53517e+03 4.38133e+03
-9.52011e+03 4.38066e+03
-9.50505e+03 4.37999e+03
-9.48998e+03 4.37931e+03
-9.47492e+03 4.37864e+03
-9.45986e+03 4.37796e+03
-9.44479e+03 4.37728e+03
-9.42973e+03 4.37659e+03
-9.41467e+03 4.37591e+03
-9.39961e+03 4.37522e+03
-9.38454e+03 4.37452e+03
-9.36948e+03 4.37383e+03
-9.35442e+03 4.37313e+03
-9.33935e+03 4.37244e+03
-9.32429e+03 4.37173e+03
-9.30923e+03 4.37103e+03
-9.29416e+03 4.37032e+03
-9.27910e+03 4.36962e+03
-9.26404e+03 4.36890e+03
-9.24898e+03 4.36819e+03
-9.23391e+03 4.36747e+03
-9.21885e+03 4.36675e+03
-9.20379e+03 4.36603e+03
-9.18872e+03 4.36531e+03
-9.17366e+03 4.36458e+03
-9.15860e+03 4.36385e+03
-9.14353e+03 4.36312e+03
-9.12847e+03 4.36239e+03
-9.11341e+03 4.36165e+03
-9.09835e+03 4.36091e+03
-9.08328e+03 4.36017e+03
-9.06822e+03 4.35942e+03
-9.05316e+03 4.35867e+03
-9.03809e+03 4.35792e+03
-9.02303e+03 4.35717e+03
-9.00797e+03 4.35641e+03
-8.99291e+03 4.35566e+03
-8.97784e+03 4.35490e+03
-8.96278e+03 4.35413e+03
-8.94772e+03 4.35337e+03
-8.93265e+03 4.35260e+03
-8.91759e+03 4.35183e+03
-8.90253e+03 4.35105e+03
-8.88746e+03 4.35028e+03
-8.87240e+03 4.34950e+03
-8.85734e+03 4.34872e+03
-8.84228e+03 4.34793e+03
-8.82721e+03 4.34715e+03
-8.81215e+03 4.34636e+03
-8.79709e+03 4.34557e+03
-8.78202e+03 4.34477e+03
-8.76696e+03 4.34398e+03
-8.75190e+03 4.34318e+03
-8.73683e+03 4.34238e+03
-8.72177e+03 4.34157e+03
-8.70671e+03 4.34077e+03
-8.69165e+03 4.33996e+03
-8.67658e+03 4.33915e+03
-8.66152e+03 4.33833e+03
-8.64646e+03 4.33752e+03
-8.63139e+03 4.33670e+03
-8.61633e+03 4.33588e+03
-8.60127e+03 4.33506e+03
-8.58620e+03 4.33423e+03
-8.57114e+03 4.33340e+03
-8.55608e+03 4.33257e+03
-8.54102e+03 4.33174e+03
-8.52595e+03 4.33090e+03
-8.51089e+03 4.33007e+03
-8.49583e+03 4.32923e+03
-8.48076e+03 4.32839e+03
-8.46570e+03 4.32754e+03
-8.45064e+03 4.32670e+03
-8.43557e+03 4.32585e+03
-8.42051e+03 4.32500e+03
-8.40545e+03 4.32415e+03
-8.39039e+03 4.32329e+03
-8.37532e+03 4.32244e+03
-8.36026e+03 4.32158e+03
-8.34520e+03 4.32072e+03
-8.33013e+03 4.31986e+03
-8.31507e+03 4.31899e+03
-8.30001e+03 4.31813e+03
-8.28494e+03 4.31726e+03
-8.26988e+03 4.31639e+03
-8.25482e+03 4.31552e+03
-8.23976e+03 4.31464e+03
-8.22469e+03 4.31377e+03
-8.20963e+03 4.31289e+03
-8.19457e+03 4.31201e+03
-8.17950e+03 4.31113e+03
-8.16444e+03 4.31024e+03
-8.14938e+03 4.30936e+03
-8.13431e+03 4.30847e+03
-8.11925e+03 4.30759e+03
-8.10419e+03 4.30670e+03
-8.08913e+03 4.30581e+03
-8.07406e+03 4.30491e+03
-8.05900e+03 4.30402e+03
-8.04394e+03 4.30312e+03
-8.02887e+03 4.30222e+03
-8.01381e+03 4.30133e+03
-7.99875e+03 4.30043e+03
-7.98368e+03 4.29952e+03
-7.96862e+03 4.29862e+03
-7.95356e+03 4.29772e+03
-7.93850e+03 4.29681e+03
-7.92343e+03 4.29590e+03
-7.90837e+03 4.29499e+03
-7.89331e+03 4.29408e+03
-7.87824e+03 4.29317e+03
-7.86318e+03 4.29226e+03
-7.84812e+03 4.29134e+03
-7.83305e+03 4.29043e+03
-7.81799e+03 4.28951e+03
-7.80293e+03 4.28860e+03
-7.78787e+03 4.28768e+03
-7.77280e+03 4.28676e+03
-7.75774e+03 4.28584e+03
-7.74268e+03 4.28491e+03
-7.72761e+03 4.28399e+03
-7.71255e+03 4.28307e+03
-7.69749e+03 4.28214e+03
-7.68242e+03 4.28122e+03
-7.66736e+03 4.28029e+03
-7.65230e+03 4.27936e+03
-7.63724e+03 4.27843e+03
-7.62217e+03 4.27750e+03
-7.60711e+03 4.27657e+03
-7.59205e+03 4.27564e+03
-7.57698e+03 4.27471e+03
-7.56192e+03 4.27378e+03
-7.54686e+03 4.27284e+03
-7.53179e+03 4.27191e+03
-7.51673e+03 4.27097e+03
-7.50167e+03 4.27004e+03
-7.48661e+03 4.26910e+03
-7.47154e+03 4.26817e+03
-7.45648e+03 4.26723e+03
-7.44142e+03 4.26629e+03
-7.42635e+03 4.26535e+03
-7.41122e+03 4.26441e+03
-7.39609e+03 4.26347e+03
-7.38096e+03 4.26253e+03
-7.36583e+03 4.26159e+03
-7.35069e+03 4.26065e+03
-7.33556e+03 4.25971e+03
-7.32043e+03 4.25877e+03
-7.30530e+03 4.25783e+03
-7.29017e+03 4.25689e+03
-7.27503e+03 4.25595e+03
-7.25990e+03 4.25500e+03
-7.24477e+03 4.25406e+03
-7.22964e+03 4.25312e+03
-7.21451e+03 4.25218e+03
-7.19937e+03 4.25123e+03
-7.18424e+03 4.25029e+03
-7.16911e+03 4.24935e+03
-7.15398e+03 4.24841e+03
-7.13885e+03 4.24746e+03
-7.12371e+03 4.24652e+03
-7.10858e+03 4.24558e+03
-7.09345e+03 4.24464e+03
-7.07832e+03 4.24370e+03
-7.06319e+03 4.24275e+03
-7.04805e+03 4.24181e+03
-7.03292e+03 4.24087e+03
-7.01779e+03 4.23993e+03
-7.00266e+03 4.23899e+03
-6.98753e+03 4.23805e+03
-6.97239e+03 4.23711e+03
-6.95726e+03 4.23617e+03
-6.94213e+03 4.23524e+03
-6.92700e+03 4.23430e+03
-6.91187e+03 4.23336e+03
-6.89673e+03 4.23243e+03
-6.88160e+03 4.23149e+03
-6.86647e+03 4.23056e+03
-6.85134e+03 4.22962e+03
-6.83621e+03 4.22869e+03
-6.82107e+03 4.22776e+03
-6.80594e+03 4.22682e+03
-6.79081e+03 4.22589e+03
-6.77568e+03 4.22496e+03
-6.76055e+03 4.22403e+03
-6.74541e+03 4.22311e+03
-6.73028e+03 4.22218e+03
-6.71515e+03 4.22125e+03
-6.70002e+03 4.22033e+03
-6.68489e+03 4.21940e+03
-6.66975e+03 4.21848e+03
-6.65462e+03 4.21756e+03
-6.63949e+03 4.21664e+03
-6.62436e+03 4.21572e+03
-6.60923e+03 4.21480e+03
-6.59409e+03 4.21389e+03
-6.57896e+03 4.21297e+03
-6.56383e+03 4.21206e+03
-6.54870e+03 4.21114e+03
-6.53357e+03 4.21023e+03
-6.51843e+03 4.20932e+03
-6.50330e+03 4.20841e+03
-6.48817e+03 4.20750e+03
-6.47304e+03 4.20660e+03
-6.45791e+03 4.20569e+03
-6.44277e+03 4.20479e+03
-6.42764e+03 4.20389e+03
-6.41251e+03 4.20299e+03
-6.39738e+03 4.20209e+03
-6.38225e+03 4.20119e+03
-6.36711e+03 4.20029e+03
-6.35198e+03 4.19940e+03
-6.33685e+03 4.19850e+03
-6.32172e+03 4.19761e+03
-6.30659e+03 4.19672e+03
-6.29145e+03 4.19583e+03
-6.27632e+03 4.19494e+03
-6.26119e+03 4.19406e+03
-6.24606e+03 4.19317e+03
-6.23093e+03 4.19229e+03
-6.21579e+03 4.19140e+03
-6.20066e+03 4.19052e+03
-6.18553e+03 4.18964e+03
-6.17040e+03 4.18876e+03
-6.15527e+03 4.18789e+03
-6.14013e+03 4.18701e+03
-6.12500e+03 4.18614e+03
-6.10987e+03 4.18526e+03
-6.09474e+03 4.18439e+03
-6.07961e+03 4.18352e+03
-6.06447e+03 4.18265e+03
-6.04934e+03 4.18178e+03
-6.03421e+03 4.18091e+03
-6.01908e+03 4.18004e+03
-6.00395e+03 4.17918e+03
-5.98881e+03 4.17831e+03
-5.97368e+03 4.17745e+03
-5.95855e+03 4.17659e+03
-5.94342e+03 4.17573e+03
-5.92829e+03 4.17486e+03
-5.91315e+03 4.17400e+03
-5.89809e+03 4.17315e+03
-5.88302e+03 4.17229e+03
-5.86796e+03 4.17143e+03
-5.85289e+03 4.17057e+03
-5.83783e+03 4.16972e+03
-5.82276e+03 4.16886e+03
-5.80769e+03 4.16800e+03
-5.79263e+03 4.16715e+03
-5.77756e+03 4.16630e+03
-5.76250e+03 4.16544e+03
-5.74743e+03 4.16459e+03
-5.73237e+03 4.16374e+03
-5.71730e+03 4.16288e+03
-5.70223e+03 4.16203e+03
-5.68717e+03 4.16118e+03
-5.67210e+03 4.16033e+03
-5.65704e+03 4.15948e+03
-5.64197e+03 4.15863e+03
-5.62691e+03 4.15778e+03
-5.61184e+03 4.15693e+03
-5.59677e+03 4.15607e+03
-5.58171e+03 4.15522e+03
-5.56664e+03 4.15437e+03
-5.55158e+03 4.15352e+03
-5.53651e+03 4.15267e+03
-5.52145e+03 4.15182e+03
-5.50638e+03 4.15097e+03
-5.49131e+03 4.15012e+03
-5.47625e+03 4.14927e+03
-5.46118e+03 4.14841e+03
-5.44612e+03 4.14756e+03
-5.43105e+03 4.14671e+03
-5.41599e+03 4.14586e+03
-5.40092e+03 4.14500e+03
-5.38585e+03 4.14415e+03
-5.37079e+03 4.14330e+03
-5.35572e+03 4.14244e+03
-5.34066e+03 4.14159e+03
-5.32559e+03 4.14073e+03
-5.31053e+03 4.13987e+03
-5.29546e+03 4.13902e+03
-5.28040e+03 4.13816e+03
-5.26533e+03 4.13730e+03
-5.25026e+03 4.13644e+03
-5.23520e+03 4.13558e+03
-5.22013e+03 4.13472e+03
-5.20507e+03 4.13386e+03
-5.19000e+03 4.13300e+03
-5.17494e+03 4.13213e+03
-5.15987e+03 4.13127e+03
-5.14480e+03 4.13041e+03
-5.12974e+03 4.12954e+03
-5.11467e+03 4.12867e+03
-5.09961e+03 4.12781e+03
-5.08454e+03 4.12694e+03
-5.06948e+03 4.12607e+03
-5.05441e+03 4.12520e+03
-5.03934e+03 4.12433e+03
-5.02428e+03 4.12346e+03
-5.00921e+03 4.12258e+03
-4.99415e+03 4.12171e+03
-4.97908e+03 4.12083e+03
-4.96402e+03 4.11996e+03
-4.94895e+03 4.11908e+03
-4.93388e+03 4.11820e+03
-4.91882e+03 4.11732e+03
-4.90375e+03 4.11644e+03
-4.88869e+03 4.11555e+03
-4.87362e+03 4.11467e+03
-4.85856e+03 4.11378e+03
-4.84349e+03 4.11290e+03
-4.82842e+03 4.11201e+03
-4.81336e+03 4.11112e+03
-4.79829e+03 4.11023e+03
-4.78323e+03 4.10933e+03
-4.76816e+03 4.10844e+03
-4.75310e+03 4.10754e+03
-4.73803e+03 4.10664e+03
-4.72297e+03 4.10574e+03
-4.70790e+03 4.10484e+03
-4.69283e+03 4.10394e+03
-4.67777e+03 4.10303e+03
-4.66270e+03 4.10213e+03
-4.64764e+03 4.10122e+03
-4.63257e+03 4.10031e+03
-4.61751e+03 4.09939e+03
-4.60244e+03 4.09848e+03
-4.58737e+03 4.09756e+03
-4.57231e+03 4.09664e+03
-4.55724e+03 4.09571e+03
-4.54218e+03 4.09479e+03
-4.52711e+03 4.09386e+03
-4.51205e+03 4.09293e+03
-4.49698e+03 4.09199e+03
-4.48191e+03 4.09105e+03
-4.46685e+03 4.09011e+03
-4.45178e+03 4.08917e+03
-4.43672e+03 4.08822e+03
-4.42165e+03 4.08727e+03
-4.40659e+03 4.08632e+03
-4.39151e+03 4.08536e+03
-4.37643e+03 4.08440e+03
-4.36135e+03 4.08343e+03
-4.34627e+03 4.08246e+03
-4.33119e+03 4.08148e+03
-4.31611e+03 4.08050e+03
-4.30103e+03 4.07952e+03
-4.28595e+03 4.07853e+03
-4.27088e+03 4.07753e+03
-4.25580e+03 4.07653e+03
-4.24072e+03 4.07552e+03
-4.22564e+03 4.07451e+03
-4.21056e+03 4.07349e+03
-4.19548e+03 4.07246e+03
-4.18040e+03 4.07143e+03
-4.16532e+03 4.07039e+03
-4.15024e+03 4.06935e+03
-4.13517e+03 4.06829e+03
-4.12009e+03 4.06723e+03
-4.10501e+03 4.06616e+03
-4.08993e+03 4.06508e+03
-4.07485e+03 4.06400e+03
-4.05977e+03 4.06290e+03
-4.04469e+03 4.06180e+03
-4.02961e+03 4.06068e+03
-4.01453e+03 4.05955e+03
-3.99946e+03 4.05842e+03
-3.98438e+03 4.05727e+03
-3.96930e+03 4.05611e+03
-3.95422e+03 4.05494e+03
-3.93914e+03 4.05375e+03
-3.92406e+03 4.05256e+03
-3.90898e+03 4.05135e+03
-3.89390e+03 4.05013e+03
-3.87882e+03 4.04889e+03
-3.86375e+03 4.04764e+03
-3.84867e+03 4.04637e+03
-3.83359e+03 4.04509e+03
-3.81851e+03 4.04379e+03
-3.80343e+03 4.04247e+03
-3.78835e+03 4.04114e+03
-3.77327e+03 4.03979e+03
-3.75819e+03 4.03842e+03
-3.74311e+03 4.03703e+03
-3.72803e+03 4.03562e+03
-3.71296e+03 4.03420e+03
-3.69788e+03 4.03275e+03
-3.68280e+03 4.03128e+03
-3.66772e+03 4.02979e+03
-3.65264e+03 4.02828e+03
-3.63756e+03 4.02674e+03
-3.62248e+03 4.02518e+03
-3.60740e+03 4.02359e+03
-3.59232e+03 4.02198e+03
-3.57725e+03 4.02035e+03
-3.56217e+03 4.01869e+03
-3.54709e+03 4.01700e+03
-3.53201e+03 4.01528e+03
-3.51693e+03 4.01354e+03
-3.50185e+03 4.01177e+03
-3.48677e+03 4.00997e+03
-3.47169e+03 4.00814e+03
-3.45661e+03 4.00627e+03
-3.44154e+03 4.00438e+03
-3.42646e+03 4.00245e+03
-3.41138e+03 4.00049e+03
-3.39630e+03 3.99850e+03
-3.38127e+03 3.99647e+03
-3.36623e+03 3.99440e+03
-3.35120e+03 3.99230e+03
-3.33616e+03 3.99016e+03
-3.32113e+03 3.98799e+03
-3.30610e+03 3.98578e+03
-3.29106e+03 3.98353e+03
-3.27603e+03 3.98123e+03
-3.26100e+03 3.97890e+03
-3.24596e+03 3.97653e+03
-3.23093e+03 3.97412e+03
-3.21589e+03 3.97166e+03
-3.20086e+03 3.96916e+03
-3.18583e+03 3.96662e+03
-3.17079e+03 3.96403e+03
-3.15576e+03 3.96139e+03
-3.14073e+03 3.95872e+03
-3.12569e+03 3.95599e+03
-3.11066e+03 3.95322e+03
-3.09562e+03 3.95040e+03
-3.08059e+03 3.94753e+03
-3.06556e+03 3.94461e+03
-3.05052e+03 3.94164e+03
-3.03549e+03 3.93862e+03
-3.02046e+03 3.93555e+03
-3.00542e+03 3.93243e+03
-2.99039e+03 3.92926e+03
-2.97535e+03 3.92604e+03
-2.96032e+03 3.92276e+03
-2.94529e+03 3.91943e+03
-2.93025e+03 3.91605e+03
-2.91522e+03 3.91261e+03
-2.90019e+03 3.90911e+03
-2.88515e+03 3.90557e+03
-2.87004e+03 3.90196e+03
-2.85492e+03 3.89830e+03
-2.83980e+03 3.89459e+03
-2.82469e+03 3.89082e+03
-2.80957e+03 3.88699e+03
-2.79445e+03 3.88310e+03
-2.77934e+03 3.87916e+03
-2.76422e+03 3.87516e+03
-2.74911e+03 3.87110e+03
-2.73399e+03 3.86699e+03
-2.71887e+03 3.86281e+03
-2.70376e+03 3.85858e+03
-2.68864e+03 3.85430e+03
-2.67352e+03 3.84995e+03
-2.65841e+03 3.84555e+03
-2.64329e+03 3.84108e+03
-2.62817e+03 3.83656e+03
-2.61306e+03 3.83199e+03
-2.59794e+03 3.82736e+03
-2.58283e+03 3.82266e+03
-2.56771e+03 3.81792e+03
-2.55259e+03 3.81311e+03
-2.53748e+03 3.80826e+03
-2.52236e+03 3.80334e+03
-2.50724e+03 3.79837e+03
-2.49213e+03 3.79335e+03
-2.47701e+03 3.78827e+03
-2.46190e+03 3.78314e+03
-2.44678e+03 3.77795e+03
-2.43166e+03 3.77271e+03
-2.41655e+03 3.76743e+03
-2.40143e+03 3.76209e+03
-2.38635e+03 3.75670e+03
-2.37126e+03 3.75126e+03
-2.35618e+03 3.74578e+03
-2.34110e+03 3.74024e+03
-2.32601e+03 3.73467e+03
-2.31093e+03 3.72905e+03
-2.29584e+03 3.72338e+03
-2.28076e+03 3.71767e+03
-2.26568e+03 3.71192e+03
-2.25059e+03 3.70614e+03
-2.23551e+03 3.70031e+03
-2.22042e+03 3.69445e+03
-2.20534e+03 3.68855e+03
-2.19026e+03 3.68262e+03
-2.17517e+03 3.67665e+03
-2.16009e+03 3.67066e+03
-2.14501e+03 3.66464e+03
-2.12992e+03 3.65859e+03
-2.11484e+03 3.65252e+03
-2.09975e+03 3.64643e+03
-2.08467e+03 3.64031e+03
-2.06959e+03 3.63418e+03
-2.05450e+03 3.62803e+03
-2.03942e+03 3.62187e+03
-2.02433e+03 3.61569e+03
-2.00925e+03 3.60951e+03
-1.99417e+03 3.60332e+03
-1.97908e+03 3.59712e+03
-1.96400e+03 3.59093e+03
-1.94892e+03 3.58473e+03
-1.93383e+03 3.57854e+03
-1.91875e+03 3.57236e+03
-1.90366e+03 3.56619e+03
-1.88853e+03 3.56002e+03
-1.87339e+03 3.55388e+03
-1.85826e+03 3.54775e+03
-1.84313e+03 3.54164e+03
-1.82799e+03 3.53556e+03
-1.81286e+03 3.52951e+03
-1.79772e+03 3.52349e+03
-1.78259e+03 3.51750e+03
-1.76745e+03 3.51156e+03
-1.75232e+03 3.50565e+03
-1.73719e+03 3.49979e+03
-1.72205e+03 3.49398e+03
-1.70692e+03 3.48822e+03
-1.69178e+03 3.48252e+03
-1.67665e+03 3.47688e+03
-1.66151e+03 3.47130e+03
-1.64638e+03 3.46579e+03
-1.63124e+03 3.46035e+03
-1.61611e+03 3.45499e+03
-1.60098e+03 3.44970e+03
-1.58584e+03 3.44450e+03
-1.57071e+03 3.43939e+03
-1.55557e+03 3.43437e+03
-1.54044e+03 3.42945e+03
-1.52530e+03 3.42462e+03
-1.51017e+03 3.41990e+03
-1.49503e+03 3.41529e+03
-1.47990e+03 3.41079e+03
-1.46477e+03 3.40641e+03
-1.44963e+03 3.40215e+03
-1.43450e+03 3.39801e+03
-1.41936e+03 3.39400e+03
-1.40423e+03 3.39013e+03
-1.38907e+03 3.38639e+03
-1.37391e+03 3.38280e+03
-1.35874e+03 3.37935e+03
-1.34358e+03 3.37605e+03
-1.32842e+03 3.37291e+03
-1.31326e+03 3.36992e+03
-1.29810e+03 3.36710e+03
-1.28294e+03 3.36444e+03
-1.26778e+03 3.36196e+03
-1.25262e+03 3.35964e+03
-1.23746e+03 3.35751e+03
-1.22230e+03 3.35556e+03
-1.20714e+03 3.35379e+03
-1.19197e+03 3.35222e+03
-1.17681e+03 3.35083e+03
-1.16165e+03 3.34965e+03
-1.14649e+03 3.34866e+03
-1.13133e+03 3.34788e+03
-1.11617e+03 3.34730e+03
-1.10101e+03 3.34693e+03
-1.08585e+03 3.34678e+03
-1.07069e+03 3.34684e+03
-1.05553e+03 3.34712e+03
-1.04037e+03 3.34763e+03
-1.02520e+03 3.34835e+03
-1.01004e+03 3.34931e+03
-9.94882e+02 3.35049e+03
-9.79721e+02 3.35191e+03
-9.64561e+02 3.35355e+03
-9.49400e+02 3.35544e+03
-9.34239e+02 3.35756e+03
-9.19078e+02 3.35992e+03
-9.03917e+02 3.36252e+03
-8.88821e+02 3.36536e+03
-8.73725e+02 3.36845e+03
-8.58629e+02 3.37178e+03
-8.43533e+02 3.37535e+03
-8.28437e+02 3.37918e+03
-8.13342e+02 3.38324e+03
-7.98246e+02 3.38756e+03
-7.83150e+02 3.39212e+03
-7.68054e+02 3.39694e+03
-7.52958e+02 3.40199e+03
-7.37862e+02 3.40730e+03
-7.22766e+02 3.41285e+03
-7.07670e+02 3.41865e+03
-6.92574e+02 3.42470e+03
-6.77479e+02 3.43099e+03
-6.62383e+02 3.43752e+03
-6.47287e+02 3.44430e+03
-6.32191e+02 3.45131e+03
-6.17095e+02 3.45857e+03
-6.01999e+02 3.46606e+03
-5.86903e+02 3.47379e+03
-5.71807e+02 3.48175e+03
-5.56711e+02 3.48995e+03
-5.41616e+02 3.49837e+03
-5.26520e+02 3.50702e+03
-5.11424e+02 3.51589e+03
-4.96328e+02 3.52498e+03
-4.81232e+02 3.53429e+03
-4.66136e+02 3.54381e+03
-4.51040e+02 3.55355e+03
-4.35944e+02 3.56349e+03
-4.20849e+02 3.57364e+03
-4.05753e+02 3.58398e+03
-3.90725e+02 3.59452e+03
-3.75697e+02 3.60526e+03
-3.60669e+02 3.61618e+03
-3.45641e+02 3.62728e+03
-3.30613e+02 3.63857e+03
-3.15585e+02 3.65002e+03
-3.00558e+02 3.66165e+03
-2.85530e+02 3.67345e+03
-2.70502e+02 3.68540e+03
-2.55474e+02 3.69751e+03
-2.40446e+02 3.70977e+03
-2.25418e+02 3.72218e+03
-2.10390e+02 3.73473e+03
-1.95362e+02 3.74741e+03
-1.80335e+02 3.76022e+03
-1.65307e+02 3.77316e+03
-1.50279e+02 3.78622e+03
-1.35251e+02 3.79940e+03
-1.20223e+02 3.81268e+03
-1.05195e+02 3.82607e+03
-9.01673e+01 3.83955e+03
-7.51394e+01 3.85313e+03
-6.01115e+01 3.86680e+03
-4.50836e+01 3.88054e+03
-3.00558e+01 3.89437e+03
-1.50279e+01 3.90827e+03
0.00000e+00 3.92223e+03
1.50279e+01 3.93625e+03
3.00558e+01 3.95033e+03
4.50836e+01 3.96446e+03
6.01115e+01 3.97864e+03
7.51394e+01 3.99285e+03
9.01673e+01 4.00710e+03
1.05184e+02 4.02138e+03
1.20201e+02 4.03568e+03
1.35217e+02 4.05001e+03
1.50234e+02 4.06434e+03
1.65250e+02 4.07869e+03
1.80267e+02 4.09304e+03
1.95284e+02 4.10739e+03
2.10300e+02 4.12174e+03
2.25317e+02 4.13608e+03
2.40334e+02 4.15041e+03
2.55350e+02 4.16472e+03
2.70367e+02 4.17900e+03
2.85384e+02 4.19326e+03
3.00400e+02 4.20749e+03
3.15417e+02 4.22169e+03
3.30434e+02 4.23585e+03
3.45450e+02 4.24997e+03
3.60467e+02 4.26404e+03
3.75484e+02 4.27807e+03
3.90500e+02 4.29204e+03
4.05517e+02 4.30596e+03
4.20534e+02 4.31982e+03
4.35550e+02 4.33362e+03
4.50567e+02 4.34736e+03
4.65583e+02 4.36103e+03
4.80600e+02 4.37463e+03
4.95617e+02 4.38816e+03
5.10633e+02 4.40161e+03
5.25650e+02 4.41499e+03
5.40667e+02 4.42829e+03
5.55683e+02 4.44151e+03
5.70700e+02 4.45464e+03
5.85717e+02 4.46769e+03
6.00733e+02 4.48066e+03
6.15750e+02 4.49354e+03
6.30767e+02 4.50632e+03
6.45783e+02 4.51902e+03
6.60800e+02 4.53163e+03
6.75817e+02 4.54414e+03
6.90833e+02 4.55656e+03
7.05850e+02 4.56888e+03
7.20866e+02 4.58111e+03
7.35883e+02 4.59325e+03
7.50900e+02 4.60528e+03
7.65916e+02 4.61722e+03
7.80933e+02 4.62906e+03
7.95950e+02 4.64080e+03
8.10966e+02 4.65244e+03
8.25983e+02 4.66399e+03
8.41000e+02 4.67543e+03
8.56016e+02 4.68678e+03
8.71033e+02 4.69803e+03
8.86050e+02 4.70918e+03
9.01066e+02 4.72023e+03
9.16083e+02 4.73119e+03
9.31100e+02 4.74204e+03
9.46116e+02 4.75280e+03
9.61133e+02 4.76346e+03
9.76149e+02 4.77403e+03
9.91166e+02 4.78450e+03
1.00618e+03 4.79488e+03
1.02120e+03 4.80516e+03
1.03622e+03 4.81535e+03
1.05123e+03 4.82545e+03
1.06625e+03 4.83545e+03
1.08127e+03 4.84537e+03
1.09628e+03 4.85519e+03
1.11130e+03 4.86493e+03
1.12632e+03 4.87458e+03
1.14133e+03 4.88414e+03
1.15635e+03 4.89362e+03
1.17137e+03 4.90301e+03
1.18638e+03 4.91232e+03
1.20140e+03 4.92155e+03
1.21642e+03 4.93070e+03
1.23143e+03 4.93976e+03
1.24645e+03 4.94875e+03
1.26147e+03 4.95767e+03
1.27648e+03 4.96650e+03
1.29150e+03 4.97526e+03
1.30652e+03 4.98395e+03
1.32153e+03 4.99257e+03
1.33655e+03 5.00111e+03
1.35157e+03 5.00959e+03
1.36658e+03 5.01800e+03
1.38160e+03 5.02634e+03
1.39662e+03 5.03461e+03
1.41163e+03 5.04282e+03
1.42665e+03 5.05097e+03
1.44167e+03 5.05906e+03
1.45668e+03 5.06708e+03
1.47170e+03 5.07505e+03
1.48672e+03 5.08295e+03
1.50173e+03 5.09080e+03
1.51675e+03 5.09860e+03
1.53177e+03 5.10634e+03
1.54678e+03 5.11403e+03
1.56180e+03 5.12166e+03
1.57682e+03 5.12925e+03
1.59183e+03 5.13679e+03
1.60685e+03 5.14427e+03
1.62187e+03 5.15171e+03
1.63688e+03 5.15911e+03
1.65190e+03 5.16646e+03
1.66692e+03 5.17376e+03
1.68193e+03 5.18103e+03
1.69695e+03 5.18825e+03
1.71197e+03 5.19543e+03
1.72698e+03 5.20257e+03
1.74200e+03 5.20967e+03
1.75702e+03 5.21673e+03
1.77203e+03 5.22376e+03
1.78705e+03 5.23075e+03
1.80207e+03 5.23771e+03
1.81708e+03 5.24463e+03
1.83210e+03 5.25152e+03
1.84712e+03 5.25838e+03
1.86213e+03 5.26521e+03
1.87715e+03 5.27201e+03
1.89216e+03 5.27877e+03
1.90718e+03 5.28551e+03
1.92220e+03 5.29222e+03
1.93721e+03 5.29891e+03
1.95223e+03 5.30557e+03
1.96725e+03 5.31220e+03
1.98226e+03 5.31881e+03
1.99728e+03 5.32539e+03
2.01230e+03 5.33195e+03
2.02731e+03 5.33849e+03
2.04233e+03 5.34501e+03
2.05735e+03 5.35150e+03
2.07236e+03 5.35797e+03
2.08738e+03 5.36443e+03
2.10240e+03 5.37086e+03
2.11741e+03 5.37728e+03
2.13243e+03 5.38368e+03
2.14745e+03 5.39006e+03
2.16246e+03 5.39642e+03
2.17748e+03 5.40277e+03
2.19250e+03 5.40910e+03
2.20751e+03 5.41541e+03
2.22253e+03 5.42171e+03
2.23755e+03 5.42800e+03
2.25256e+03 5.43427e+03
2.26758e+03 5.44053e+03
2.28260e+03 5.44677e+03
2.29761e+03 5.45300e+03
2.31263e+03 5.45922e+03
2.32765e+03 5.46543e+03
2.34266e+03 5.47163e+03
2.35768e+03 5.47781e+03
2.37270e+03 5.48398e+03
2.38771e+03 5.49015e+03
2.40273e+03 5.49630e+03
2.41775e+03 5.50245e+03
2.43276e+03 5.50858e+03
2.44778e+03 5.51471e+03
2.46280e+03 5.52082e+03
2.47781e+03 5.52693e+03
2.49283e+03 5.53303e+03
2.50785e+03 5.53912e+03
2.52286e+03 5.54521e+03
2.53788e+03 5.55129e+03
2.55290e+03 5.55736e+03
2.56791e+03 5.56342e+03
2.58293e+03 5.56948e+03
2.59795e+03 5.57554e+03
2.61296e+03 5.58158e+03
2.62798e+03 5.58763e+03
2.64300e+03 5.59366e+03
2.65801e+03 5.59970e+03
2.67303e+03 5.60573e+03
2.68805e+03 5.61175e+03
2.70306e+03 5.61777e+03
2.71808e+03 5.62379e+03
2.73310e+03 5.62980e+03
2.74811e+03 5.63581e+03
2.76313e+03 5.64182e+03
2.77815e+03 5.64782e+03
2.79316e+03 5.65383e+03
2.80818e+03 5.65983e+03
2.82320e+03 5.66582e+03
2.83821e+03 5.67182e+03
2.85323e+03 5.67782e+03
2.86825e+03 5.68381e+03
2.88326e+03 5.68980e+03
2.89828e+03 5.69579e+03
2.91330e+03 5.70178e+03
2.92831e+03 5.70777e+03
2.94333e+03 5.71376e+03
2.95835e+03 5.71975e+03
2.97336e+03 5.72574e+03
2.98838e+03 5.73174e+03
3.00340e+03 5.73773e+03
3.01841e+03 5.74372e+03
3.03343e+03 5.74971e+03
3.04845e+03 5.75571e+03
3.06346e+03 5.76170e+03
3.07848e+03 5.76770e+03
3.09350e+03 5.77370e+03
3.10851e+03 5.77970e+03
3.12353e+03 5.78570e+03
3.13855e+03 5.79170e+03
3.15356e+03 5.79771e+03
3.16858e+03 5.80372e+03
3.18360e+03 5.80973e+03
3.19861e+03 5.81575e+03
3.21363e+03 5.82176e+03
3.22865e+03 5.82779e+03
3.24366e+03 5.83381e+03
3.25868e+03 5.83984e+03
3.27370e+03 5.84587e+03
3.28871e+03 5.85191e+03
3.30373e+03 5.85795e+03
3.31875e+03 5.86400e+03
3.33376e+03 5.87005e+03
3.34878e+03 5.87610e+03
3.36380e+03 5.88216e+03
3.37881e+03 5.88823e+03
3.39383e+03 5.89430e+03
3.40885e+03 5.90038e+03
3.42386e+03 5.90646e+03
3.43888e+03 5.91254e+03
3.45390e+03 5.91864e+03
3.46891e+03 5.92473e+03
3.48393e+03 5.93084e+03
3.49895e+03 5.93695e+03
3.51396e+03 5.94306e+03
3.52898e+03 5.94919e+03
3.54400e+03 5.95532e+03
3.55901e+03 5.96145e+03
3.57403e+03 5.96760e+03
3.58905e+03 5.97375e+03
3.60406e+03 5.97990e+03
3.61908e+03 5.98607e+03
3.63410e+03 5.99224e+03
3.64911e+03 5.99842e+03
3.66413e+03 6.00460e+03
3.67915e+03 6.01080e+03
3.69416e+03 6.01700e+03
3.70918e+03 6.02321e+03
3.72420e+03 6.02942e+03
3.73921e+03 6.03565e+03
3.75423e+03 6.04188e+03
3.76925e+03 6.04812e+03
3.78426e+03 6.05436e+03
3.79928e+03 6.06062e+03
3.81430e+03 6.06688e+03
3.82931e+03 6.07315e+03
3.84433e+03 6.07943e+03
3.85935e+03 6.08572e+03
3.87436e+03 6.09201e+03
3.88938e+03 6.09831e+03
3.90440e+03 6.10462e+03
3.91941e+03 6.11094e+03
3.93443e+03 6.11727e+03
3.94945e+03 6.12360e+03
3.96446e+03 6.12994e+03
3.97948e+03 6.13629e+03
3.99450e+03 6.14265e+03
4.00951e+03 6.14901e+03
4.02453e+03 6.15538e+03
4.03955e+03 6.16176e+03
4.05456e+03 6.16815e+03
4.06958e+03 6.17454e+03
4.08460e+03 6.18095e+03
4.09961e+03 6.18735e+03
4.11463e+03 6.19377e+03
4.12965e+03 6.20019e+03
4.14466e+03 6.20662e+03
4.15968e+03 6.21305e+03
4.17470e+03 6.21950e+03
4.18971e+03 6.22594e+03
4.20473e+03 6.23240e+03
4.21975e+03 6.23886e+03
4.23476e+03 6.24532e+03
4.24978e+03 6.25179e+03
4.26480e+03 6.25827e+03
4.27981e+03 6.26475e+03
4.29483e+03 6.27124e+03
4.30985e+03 6.27773e+03
4.32486e+03 6.28422e+03
4.33988e+03 6.29072e+03
4.35490e+03 6.29723e+03
4.36991e+03 6.30374e+03
4.38493e+03 6.31025e+03
4.39995e+03 6.31676e+03
4.41496e+03 6.32328e+03
4.42998e+03 6.32980e+03
4.44500e+03 6.33632e+03
4.46001e+03 6.34285e+03
4.47503e+03 6.34938e+03
4.49005e+03 6.35591e+03
4.50506e+03 6.36244e+03
4.52008e+03 6.36897e+03
4.53510e+03 6.37551e+03
4.55011e+03 6.38204e+03
4.56513e+03 6.38858e+03
4.58014e+03 6.39512e+03
4.59516e+03 6.40165e+03
4.61020e+03 6.40819e+03
4.62524e+03 6.41472e+03
4.64028e+03 6.42126e+03
4.65532e+03 6.42779e+03
4.67036e+03 6.43432e+03
4.68540e+03 6.44085e+03
4.70044e+03 6.44738e+03
4.71548e+03 6.45391e+03
4.73052e+03 6.46043e+03
4.74556e+03 6.46696e+03
4.76060e+03 6.47347e+03
4.77564e+03 6.47999e+03
4.79068e+03 6.48650e+03
4.80571e+03 6.49301e+03
4.82075e+03 6.49951e+03
4.83579e+03 6.50601e+03
4.85083e+03 6.51251e+03
4.86587e+03 6.51900e+03
4.88091e+03 6.52548e+03
4.89595e+03 6.53197e+03
4.91099e+03 6.53844e+03
4.92603e+03 6.54491e+03
4.94107e+03 6.55137e+03
4.95611e+03 6.55783e+03
4.97115e+03 6.56428e+03
4.98619e+03 6.57073e+03
5.00123e+03 6.57716e+03
5.01627e+03 6.58359e+03
5.03131e+03 6.59002e+03
5.04635e+03 6.59643e+03
5.06139e+03 6.60284e+03
5.07643e+03 6.60924e+03
5.09147e+03 6.61564e+03
5.10651e+03 6.62202e+03
5.12154e+03 6.62840e+03
5.13658e+03 6.63477e+03
5.15162e+03 6.64113e+03
5.16666e+03 6.64748e+03
5.18170e+03 6.65382e+03
5.19674e+03 6.66016e+03
5.21178e+03 6.66648e+03
5.22682e+03 6.67280e+03
5.24186e+03 6.67911e+03
5.25690e+03 6.68540e+03
5.27194e+03 6.69169e+03
5.28698e+03 6.69797e+03
5.30202e+03 6.70424e+03
5.31706e+03 6.71050e+03
5.33210e+03 6.71675e+03
5.34714e+03 6.72299e+03
5.36218e+03 6.72922e+03
5.37722e+03 6.73544e+03
5.39226e+03 6.74165e+03
5.40730e+03 6.74785e+03
5.42234e+03 6.75404e+03
5.43737e+03 6.76022e+03
5.45241e+03 6.76639e+03
5.46745e+03 6.77255e+03
5.48249e+03 6.77870e+03
5.49753e+03 6.78484e+03
5.51257e+03 6.79097e+03
5.52761e+03 6.79709e+03
5.54265e+03 6.80320e+03
5.55769e+03 6.80930e+03
5.57273e+03 6.81539e+03
5.58777e+03 6.82147e+03
5.60281e+03 6.82754e+03
5.61785e+03 6.83359e+03
5.63289e+03 6.83964e+03
5.64793e+03 6.84568e+03
5.66297e+03 6.85171e+03
5.67801e+03 6.85773e+03
5.69305e+03 6.86373e+03
5.70809e+03 6.86973e+03
5.72313e+03 6.87572e+03
5.73817e+03 6.88170e+03
5.75320e+03 6.88766e+03
5.76824e+03 6.89362e+03
5.78328e+03 6.89957e+03
5.79832e+03 6.90551e+03
5.81336e+03 6.91144e+03
5.82840e+03 6.91735e+03
5.84344e+03 6.92326e+03
5.85848e+03 6.92916e+03
5.87352e+03 6.93505e+03
5.88856e+03 6.94093e+03
5.90360e+03 6.94680e+03
5.91864e+03 6.95266e+03
5.93368e+03 6.95851e+03
5.94872e+03 6.96435e+03
5.96376e+03 6.97019e+03
5.97880e+03 6.97601e+03
5.99384e+03 6.98182e+03
6.00888e+03 6.98763e+03
6.02392e+03 6.99342e+03
6.03896e+03 6.99921e+03
6.05400e+03 7.00498e+03
6.06903e+03 7.01075e+03
6.08407e+03 7.01651e+03
6.09911e+03 7.02226e+03
6.11415e+03 7.02800e+03
6.12919e+03 7.03373e+03
6.14423e+03 7.03945e+03
6.15927e+03 7.04516e+03
6.17431e+03 7.05087e+03
6.18935e+03 7.05656e+03
6.20439e+03 7.06225e+03
6.21943e+03 7.06792e+03
6.23447e+03 7.07359e+03
6.24951e+03 7.07925e+03
6.26455e+03 7.08490e+03
6.27959e+03 7.09054e+03
6.29463e+03 7.09617e+03
6.30967e+03 7.10179e+03
6.32471e+03 7.10741e+03
6.33975e+03 7.11301e+03
6.35479e+03 7.11861e+03
6.36983e+03 7.12420e+03
6.38486e+03 7.12978e+03
6.39990e+03 7.13535e+03
6.41494e+03 7.14091e+03
6.42998e+03 7.14646e+03
6.44502e+03 7.15200e+03
6.46006e+03 7.15753e+03
6.47510e+03 7.16306e+03
6.49014e+03 7.16857e+03
6.50518e+03 7.17408e+03
6.52022e+03 7.17958e+03
6.53526e+03 7.18507e+03
6.55030e+03 7.19055e+03
6.56534e+03 7.19602e+03
6.58038e+03 7.20148e+03
6.59542e+03 7.20693e+03
6.61046e+03 7.21237e+03
6.62550e+03 7.21780e+03
6.64054e+03 7.22323e+03
6.65558e+03 7.22864e+03
6.67062e+03 7.23405e+03
6.68565e+03 7.23944e+03
6.70069e+03 7.24483e+03
6.71573e+03 7.25020e+03
6.73077e+03 7.25557e+03
6.74581e+03 7.26093e+03
6.76085e+03 7.26627e+03
6.77589e+03 7.27161e+03
6.79093e+03 7.27694e+03
6.80597e+03 7.28225e+03
6.82101e+03 7.28756e+03
6.83605e+03 7.29285e+03
6.85109e+03 7.29814e+03
6.86613e+03 7.30342e+03
6.88117e+03 7.30868e+03
6.89621e+03 7.31394e+03
6.91125e+03 7.31918e+03
6.92629e+03 7.32441e+03
6.94133e+03 7.32963e+03
6.95637e+03 7.33485e+03
6.97141e+03 7.34005e+03
6.98645e+03 7.34524e+03
7.00148e+03 7.35041e+03
7.01652e+03 7.35558e+03
7.03156e+03 7.36074e+03
7.04660e+03 7.36588e+03
7.06164e+03 7.37101e+03
7.07668e+03 7.37613e+03
7.09172e+03 7.38124e+03
7.10676e+03 7.38634e+03
7.12180e+03 7.39143e+03
7.13684e+03 7.39650e+03
7.15188e+03 7.40156e+03
7.16692e+03 7.40661e+03
7.18196e+03 7.41164e+03
7.19700e+03 7.41667e+03
7.21204e+03 7.42168e+03
7.22708e+03 7.42667e+03
7.24212e+03 7.43166e+03
7.25716e+03 7.43663e+03
7.27220e+03 7.44159e+03
7.28724e+03 7.44654e+03
7.30228e+03 7.45147e+03
7.31731e+03 7.45639e+03
7.33235e+03 7.46129e+03
7.34739e+03 7.46618e+03
7.36243e+03 7.47106e+03
7.37747e+03 7.47592e+03
7.39251e+03 7.48077e+03
7.40755e+03 7.48560e+03
7.42259e+03 7.49042e+03
7.43763e+03 7.49523e+03
7.45267e+03 7.50002e+03
7.46771e+03 7.50479e+03
7.48275e+03 7.50955e+03
7.49779e+03 7.51430e+03
7.51283e+03 7.51903e+03
7.52787e+03 7.52375e+03
7.54291e+03 7.52844e+03
7.55795e+03 7.53313e+03
7.57299e+03 7.53780e+03
7.58804e+03 7.54245e+03
7.60308e+03 7.54709e+03
7.61813e+03 7.55171e+03
7.63318e+03 7.55631e+03
7.64823e+03 7.56090e+03
7.66328e+03 7.56547e+03
7.67833e+03 7.57003e+03
7.69338e+03 7.57456e+03
7.70843e+03 7.57908e+03
7.72348e+03 7.58359e+03
7.73853e+03 7.58808e+03
7.75357e+03 7.59255e+03
7.76862e+03 7.59700e+03
7.78367e+03 7.60144e+03
7.79872e+03 7.60585e+03
7.81377e+03 7.61026e+03
7.82882e+03 7.61464e+03
7.84387e+03 7.61900e+03
7.85892e+03 7.62335e+03
7.87397e+03 7.62768e+03
7.88902e+03 7.63199e+03
7.90407e+03 7.63629e+03
7.91911e+03 7.64056e+03
7.93416e+03 7.64482e+03
7.94921e+03 7.64906e+03
7.96426e+03 7.65328e+03
7.97931e+03 7.65748e+03
7.99436e+03 7.66166e+03
8.00941e+03 7.66582e+03
8.02446e+03 7.66997e+03
8.03951e+03 7.67410e+03
8.05456e+03 7.67820e+03
8.06960e+03 7.68229e+03
8.08465e+03 7.68636e+03
8.09970e+03 7.69041e+03
8.11475e+03 7.69444e+03
8.12980e+03 7.69845e+03
8.14485e+03 7.70244e+03
8.15990e+03 7.70641e+03
8.17495e+03 7.71037e+03
8.19000e+03 7.71430e+03
8.20505e+03 7.71821e+03
8.22009e+03 7.72211e+03
8.23514e+03 7.72598e+03
8.25019e+03 7.72984e+03
8.26524e+03 7.73367e+03
8.28029e+03 7.73748e+03
8.29534e+03 7.74128e+03
8.31039e+03 7.74505e+03
8.32544e+03 7.74881e+03
8.34049e+03 7.75254e+03
8.35554e+03 7.75626e+03
8.37059e+03 7.75995e+03
8.38563e+03 7.76363e+03
8.40068e+03 7.76728e+03
8.41573e+03 7.77092e+03
8.43078e+03 7.77453e+03
8.44583e+03 7.77813e+03
8.46088e+03 7.78170e+03
8.47593e+03 7.78525e+03
8.49098e+03 7.78879e+03
8.50603e+03 7.79230e+03
8.52108e+03 7.79579e+03
8.53612e+03 7.79927e+03
8.55117e+03 7.80272e+03
8.56622e+03 7.80615e+03
8.58127e+03 7.80956e+03
8.59632e+03 7.81296e+03
8.61137e+03 7.81633e+03
8.62642e+03 7.81968e+03
8.64147e+03 7.82301e+03
8.65652e+03 7.82632e+03
8.67157e+03 7.82961e+03
8.68661e+03 7.83288e+03
8.70166e+03 7.83613e+03
8.71671e+03 7.83936e+03
8.73176e+03 7.84257e+03
8.74681e+03 7.84576e+03
8.76186e+03 7.84893e+03
8.77691e+03 7.85208e+03
8.79196e+03 7.85520e+03
8.80701e+03 7.85831e+03
8.82206e+03 7.86140e+03
8.83711e+03 7.86447e+03
8.85215e+03 7.86752e+03
8.86720e+03 7.87055e+03
8.88225e+03 7.87355e+03
8.89730e+03 7.87654e+03
8.91235e+03 7.87951e+03
8.92740e+03 7.88246e+03
8.94245e+03 7.88538e+03
8.95750e+03 7.88829e+03
8.97255e+03 7.89118e+03
8.98760e+03 7.89405e+03
9.00264e+03 7.89690e+03
9.01769e+03 7.89973e+03
9.03274e+03 7.90253e+03
9.04779e+03 7.90532e+03
9.06284e+03 7.90809e+03
9.07789e+03 7.91084e+03
9.09294e+03 7.91357e+03
9.10799e+03 7.91628e+03
9.12304e+03 7.91897e+03
9.13809e+03 7.92164e+03
9.15313e+03 7.92429e+03
9.16818e+03 7.92692e+03
9.18323e+03 7.92953e+03
9.19828e+03 7.93213e+03
9.21333e+03 7.93470e+03
9.22838e+03 7.93725e+03
9.24343e+03 7.93979e+03
9.25848e+03 7.94230e+03
9.27353e+03 7.94480e+03
9.28858e+03 7.94727e+03
9.30362e+03 7.94973e+03
9.31867e+03 7.95217e+03
9.33372e+03 7.95459e+03
9.34877e+03 7.95699e+03
9.36382e+03 7.95937e+03
9.37887e+03 7.96173e+03
9.39392e+03 7.96407e+03
9.40897e+03 7.96640e+03
9.42402e+03 7.96870e+03
9.43907e+03 7.97099e+03
9.45412e+03 7.97325e+03
9.46916e+03 7.97550e+03
9.48421e+03 7.97773e+03
9.49926e+03 7.97994e+03
9.51431e+03 7.98214e+03
9.52936e+03 7.98431e+03
9.54441e+03 7.98647e+03
9.55946e+03 7.98860e+03
9.57451e+03 7.99072e+03
9.58956e+03 7.99282e+03
9.60461e+03 7.99490e+03
9.61965e+03 7.99697e+03
9.63470e+03 7.99901e+03
9.64975e+03 8.00104e+03
9.66480e+03 8.00305e+03
9.67985e+03 8.00504e+03
9.69490e+03 8.00701e+03
9.70995e+03 8.00896e+03
9.72500e+03 8.01090e+03
9.74005e+03 8.01282e+03
9.75510e+03 8.01472e+03
9.77014e+03 8.01660e+03
9.78519e+03 8.01847e+03
9.80024e+03 8.02032e+03
9.81529e+03 8.02215e+03
9.83034e+03 8.02396e+03
9.84539e+03 8.02575e+03
9.86044e+03 8.02753e+03
9.87549e+03 8.02929e+03
9.89054e+03 8.03103e+03
9.90559e+03 8.03276e+03
9.92064e+03 8.03447e+03
9.93568e+03 8.03616e+03
9.95073e+03 8.03783e+03
9.96578e+03 8.03949e+03
9.98083e+03 8.04113e+03
9.99588e+03 8.04275e+03
1.00109e+04 8.04436e+03
1.00260e+04 8.04595e+03
1.00410e+04 8.04752e+03
1.00561e+04 8.04908e+03
1.00711e+04 8.05062e+03
1.00862e+04 8.05214e+03
1.01012e+04 8.05364e+03
1.01163e+04 8.05513e+03
1.01313e+04 8.05661e+03
1.01464e+04 8.05807e+03
1.01614e+04 8.05951e+03
1.01765e+04 8.06093e+03
1.01915e+04 8.06234e+03
1.02066e+04 8.06373e+03
1.02216e+04 8.06511e+03
1.02367e+04 8.06647e+03
1.02517e+04 8.06781e+03
1.02668e+04 8.06914e+03
1.02818e+04 8.07046e+03
1.02969e+04 8.07176e+03
1.03119e+04 8.07304e+03
1.03270e+04 8.07430e+03
1.03420e+04 8.07556e+03
1.03571e+04 8.07679e+03
1.03721e+04 8.07801e+03
1.03872e+04 8.07922e+03
1.04022e+04 8.08041e+03
1.04173e+04 8.08159e+03
1.04323e+04 8.08275e+03
1.04474e+04 8.08389e+03
1.04624e+04 8.08502e+03
1.04774e+04 8.08614e+03
1.04925e+04 8.08724e+03
1.05075e+04 8.08833e+03
1.05226e+04 8.08940e+03
1.05376e+04 8.09046e+03
1.05527e+04 8.09150e+03
1.05677e+04 8.09253e+03
1.05828e+04 8.09355e+03
1.05978e+04 8.09455e+03
1.06128e+04 8.09554e+03
1.06278e+04 8.09651e+03
1.06428e+04 8.09747e+03
1.06578e+04 8.09842e+03
1.06728e+04 8.09935e+03
1.06879e+04 8.10027e+03
1.07029e+04 8.10117e+03
1.07179e+04 8.10206e+03
1.07329e+04 8.10294e+03
1.07479e+04 8.10381e+03
1.07629e+04 8.10466e+03
1.07779e+04 8.10550e+03
1.07929e+04 8.10632e+03
1.08079e+04 8.10714e+03
1.08229e+04 8.10794e+03
1.08379e+04 8.10872e+03
1.08529e+04 8.10950e+03
1.08680e+04 8.11026e+03
1.08830e+04 8.11101e+03
1.08980e+04 8.11175e+03
1.09130e+04 8.11248e+03
1.09280e+04 8.11319e+03
1.09430e+04 8.11389e+03
1.09580e+04 8.11458e+03
1.09730e+04 8.11526e+03
1.09880e+04 8.11592e+03
1.10030e+04 8.11658e+03
1.10180e+04 8.11722e+03
1.10330e+04 8.11785e+03
1.10481e+04 8.11847e+03
1.10631e+04 8.11908e+03
1.10781e+04 8.11967e+03
1.10931e+04 8.12026e+03
1.11081e+04 8.12084e+03
1.11231e+04 8.12140e+03
1.11381e+04 8.12195e+03
1.11531e+04 8.12250e+03
1.11681e+04 8.12303e+03
1.11831e+04 8.12355e+03
1.11981e+04 8.12406e+03
1.12131e+04 8.12456e+03
1.12282e+04 8.12505e+03
1.12432e+04 8.12553e+03
1.12582e+04 8.12600e+03
1.12732e+04 8.12647e+03
1.12882e+04 8.12692e+03
1.13032e+04 8.12736e+03
1.13182e+04 8.12779e+03
1.13332e+04 8.12821e+03
1.13482e+04 8.12863e+03
1.13632e+04 8.12903e+03
1.13782e+04 8.12943e+03
1.13932e+04 8.12982e+03
1.14083e+04 8.13019e+03
1.14233e+04 8.13056e+03
1.14383e+04 8.13092e+03
1.14533e+04 8.13127e+03
1.14683e+04 8.13162e+03
1.14833e+04 8.13195e+03
1.14983e+04 8.13228e+03
1.15133e+04 8.13260e+03
1.15283e+04 8.13291e+03
1.15433e+04 8.13321e+03
1.15583e+04 8.13351e+03
1.15733e+04 8.13380e+03
1.15884e+04 8.13408e+03
1.16034e+04 8.13435e+03
1.16184e+04 8.13462e+03
1.16334e+04 8.13488e+03
1.16484e+04 8.13513e+03
1.16634e+04 8.13538e+03
1.16784e+04 8.13561e+03
1.16934e+04 8.13585e+03
1.17084e+04 8.13607e+03
1.17234e+04 8.13629e+03
1.17384e+04 8.13651e+03
1.17534e+04 8.13671e+03
1.17685e+04 8.13691e+03
1.17835e+04 8.13711e+03
1.17985e+04 8.13730e+03
1.18135e+04 8.13748e+03
1.18285e+04 8.13766e+03
1.18435e+04 8.13784e+03
1.18585e+04 8.13800e+03
1.18735e+04 8.13817e+03
1.18885e+04 8.13832e+03
1.19035e+04 8.13848e+03
1.19185e+04 8.13863e+03
1.19335e+04 8.13877e+03
1.19486e+04 8.13891e+03
1.19636e+04 8.13905e+03
1.19786e+04 8.13918e+03
1.19936e+04 8.13931e+03
1.20086e+04 8.13943e+03
1.20236e+04 8.13955e+03
1.20386e+04 8.13966e+03
1.20536e+04 8.13978e+03
1.20686e+04 8.13989e+03
1.20836e+04 8.13999e+03
1.20986e+04 8.14010e+03
1.21136e+04 8.14020e+03
1.21287e+04 8.14029e+03
1.21437e+04 8.14039e+03
1.21587e+04 8.14048e+03
1.21737e+04 8.14057e+03
1.21887e+04 8.14066e+03
1.22037e+04 8.14074e+03
1.22187e+04 8.14083e+03
1.22337e+04 8.14091e+03
1.22487e+04 8.14099e+03
1.22637e+04 8.14107e+03
1.22787e+04 8.14115e+03
1.22937e+04 8.14122e+03
1.23088e+04 8.14130e+03
1.23238e+04 8.14137e+03
1.23388e+04 8.14144e+03
1.23538e+04 8.14152e+03
1.23688e+04 8.14159e+03
1.23838e+04 8.14166e+03
1.23988e+04 8.14173e+03
1.24138e+04 8.14180e+03
1.24288e+04 8.14187e+03
1.24438e+04 8.14195e+03
1.24588e+04 8.14202e+03
1.24738e+04 8.14209e+03
1.24889e+04 8.14216e+03
1.25039e+04 8.14224e+03
1.25189e+04 8.14231e+03
1.25339e+04 8.14239e+03
1.25489e+04 8.14246e+03
1.25639e+04 8.14254e+03
1.25789e+04 8.14262e+03
1.25939e+04 8.14271e+03
1.26089e+04 8.14279e+03
1.26239e+04 8.14287e+03
1.26389e+04 8.14296e+03
1.26539e+04 8.14305e+03
1.26690e+04 8.14315e+03
1.26840e+04 8.14324e+03
1.26990e+04 8.14334e+03
1.27140e+04 8.14344e+03
1.27290e+04 8.14354e+03
1.27440e+04 8.14365e+03
1.27590e+04 8.14376e+03
1.27740e+04 8.14388e+03
1.27890e+04 8.14399e+03
1.28040e+04 8.14411e+03
1.28190e+04 8.14424e+03
1.28341e+04 8.14437e+03
1.28491e+04 8.14450e+03
1.28641e+04 8.14464e+03
1.28791e+04 8.14479e+03
1.28941e+04 8.14493e+03
1.29091e+04 8.14509e+03
1.29241e+04 8.14524e+03
1.29391e+04 8.14541e+03
1.29541e+04 8.14558e+03
1.29691e+04 8.14575e+03
1.29841e+04 8.14593e+03
1.29991e+04 8.14612e+03
1.30142e+04 8.14631e+03
1.30292e+04 8.14651e+03
1.30442e+04 8.14671e+03
1.30592e+04 8.14692e+03
1.30742e+04 8.14714e+03
1.30892e+04 8.14736e+03
1.31042e+04 8.14760e+03
1.31192e+04 8.14783e+03
1.31342e+04 8.14808e+03
1.31492e+04 8.14833e+03
1.31642e+04 8.14860e+03
1.31792e+04 8.14886e+03
1.31943e+04 8.14914e+03
1.32093e+04 8.14943e+03
1.32243e+04 8.14972e+03
1.32393e+04 8.15002e+03
1.32543e+04 8.15033e+03
1.32693e+04 8.15065e+03
1.32843e+04 8.15098e+03
1.32993e+04 8.15132e+03
1.33143e+04 8.15166e+03
1.33293e+04 8.15202e+03
1.33443e+04 8.15238e+03
1.33593e+04 8.15276e+03
1.33744e+04 8.15314e+03
1.33894e+04 8.15354e+03
1.34044e+04 8.15394e+03
1.34194e+04 8.15436e+03
1.34344e+04 8.15478e+03
1.34494e+04 8.15522e+03
1.34644e+04 8.15567e+03
1.34794e+04 8.15613e+03
1.34944e+04 8.15660e+03
1.35094e+04 8.15708e+03
1.35244e+04 8.15757e+03
1.35394e+04 8.15808e+03
1.35545e+04 8.15859e+03
1.35695e+04 8.15912e+03
1.35845e+04 8.15966e+03
1.35995e+04 8.16021e+03
1.36145e+04 8.16078e+03
1.36295e+04 8.16136e+03
1.36445e+04 8.16195e+03
1.36595e+04 8.16255e+03
1.36745e+04 8.16317e+03
1.36895e+04 8.16380e+03
1.37045e+04 8.16444e+03
1.37195e+04 8.16510e+03
1.37346e+04 8.16577e+03
1.37496e+04 8.16645e+03
1.37646e+04 8.16715e+03
1.37796e+04 8.16786e+03
1.37946e+04 8.16859e+03
1.38096e+04 8.16933e+03
1.38246e+04 8.17009e+03
1.38396e+04 8.17086e+03
1.38546e+04 8.17164e+03
1.38696e+04 8.17244e+03
1.38846e+04 8.17326e+03
1.38996e+04 8.17409e+03
1.39147e+04 8.17494e+03
1.39297e+04 8.17580e+03
1.39447e+04 8.17668e+03
1.39597e+04 8.17758e+03
1.39747e+04 8.17849e+03
1.39897e+04 8.17942e+03
1.40047e+04 8.18036e+03
1.40197e+04 8.18132e+03
1.40347e+04 8.18230e+03
1.40497e+04 8.18329e+03
1.40647e+04 8.18430e+03
1.40797e+04 8.18533e+03
1.40948e+04 8.18638e+03
1.41098e+04 8.18744e+03
1.41248e+04 8.18853e+03
1.41398e+04 8.18963e+03
1.41548e+04 8.19074e+03
1.41698e+04 8.19188e+03
1.41848e+04 8.19303e+03
1.41998e+04 8.19421e+03
1.42148e+04 8.19540e+03
1.42298e+04 8.19661e+03
1.42448e+04 8.19784e+03
1.42598e+04 8.19909e+03
1.42749e+04 8.20035e+03
1.42899e+04 8.20164e+03
1.43049e+04 8.20295e+03
1.43199e+04 8.20427e+03
1.43349e+04 8.20562e+03
1.43499e+04 8.20698e+03
1.43649e+04 8.20837e+03
1.43799e+04 8.20978e+03
1.43949e+04 8.21120e+03
1.44099e+04 8.21265e+03
1.44249e+04 8.21412e+03
1.44399e+04 8.21560e+03
1.44550e+04 8.21711e+03
1.44700e+04 8.21864e+03
1.44850e+04 8.22019e+03
1.45000e+04 8.22177e+03
1.45150e+04 8.22336e+03
1.45300e+04 8.22497e+03
1.45450e+04 8.22661e+03
1.45600e+04 8.22827e+03
1.45750e+04 8.22995e+03
1.45900e+04 8.23165e+03
1.46050e+04 8.23338e+03
1.46200e+04 8.23513e+03
1.46351e+04 8.23690e+03
1.46501e+04 8.23869e+03
1.46651e+04 8.24051e+03
1.46801e+04 8.24234e+03
1.46951e+04 8.24420e+03
1.47101e+04 8.24609e+03
1.47251e+04 8.24800e+03
1.47401e+04 8.24993e+03
1.47551e+04 8.25188e+03
1.47701e+04 8.25386e+03
1.47851e+04 8.25586e+03
1.48001e+04 8.25789e+03
1.48152e+04 8.25994e+03
1.48302e+04 8.26201e+03
1.48452e+04 8.26411e+03
1.48602e+04 8.26623e+03
1.48752e+04 8.26838e+03
1.48902e+04 8.27055e+03
1.49052e+04 8.27275e+03
1.49202e+04 8.27497e+03
1.49352e+04 8.27721e+03
1.49502e+04 8.27948e+03
1.49652e+04 8.28178e+03
1.49802e+04 8.28410e+03
1.49953e+04 8.28645e+03
1.50103e+04 8.28882e+03
1.50253e+04 8.29122e+03
1.50403e+04 8.29364e+03
1.50553e+04 8.29609e+03
1.50703e+04 8.29856e+03
1.50853e+04 8.30106e+03
1.51003e+04 8.30359e+03
1.51153e+04 8.30614e+03
1.51303e+04 8.30872e+03
1.51453e+04 8.31133e+03
1.51604e+04 8.31396e+03
1.51754e+04 8.31662e+03
1.51904e+04 8.31930e+03
1.52054e+04 8.32201e+03
1.52204e+04 8.32475e+03
1.52354e+04 8.32752e+03
1.52504e+04 8.33031e+03
1.52654e+04 8.33313e+03
1.52804e+04 8.33597e+03
1.52954e+04 8.33885e+03
1.53104e+04 8.34175e+03
1.53254e+04 8.34468e+03
1.53405e+04 8.34763e+03
1.53555e+04 8.35062e+03
1.53705e+04 8.35363e+03
1.53855e+04 8.35667e+03
1.54005e+04 8.35973e+03
1.54155e+04 8.36283e+03
1.54305e+04 8.36595e+03
1.54455e+04 8.36910e+03
1.54605e+04 8.37227e+03
1.54755e+04 8.37548e+03
1.54905e+04 8.37871e+03
1.55055e+04 8.38198e+03
1.55206e+04 8.38527e+03
1.55356e+04 8.38858e+03
1.55506e+04 8.39193e+03
1.55656e+04 8.39531e+03
1.55806e+04 8.39871e+03
1.55956e+04 8.40214e+03
1.56106e+04 8.40560e+03
1.56256e+04 8.40909e+03
1.56406e+04 8.41261e+03
1.56556e+04 8.41615e+03
1.56706e+04 8.41973e+03
1.56856e+04 8.42333e+03
1.57007e+04 8.42696e+03
1.57157e+04 8.43062e+03
1.57307e+04 8.43431e+03
1.57457e+04 8.43803e+03
1.57607e+04 8.44178e+03
1.57757e+04 8.44555e+03
1.57907e+04 8.44936e+03
1.58057e+04 8.45319e+03
1.58207e+04 8.45705e+03
1.58357e+04 8.46094e+03
1.58507e+04 8.46486e+03
1.58657e+04 8.46881e+03
1.58808e+04 8.47279e+03
1.58958e+04 8.47680e+03
1.59108e+04 8.48083e+03
1.59258e+04 8.48489e+03
1.59408e+04 8.48899e+03
1.59558e+04 8.49311e+03
1.59708e+04 8.49726e+03
1.59858e+04 8.50144e+03
1.60008e+04 8.50564e+03
1.60158e+04 8.50988e+03
1.60308e+04 8.51415e+03
1.60458e+04 8.51844e+03
1.60609e+04 8.52276e+03
1.60759e+04 8.52711e+03
1.60909e+04 8.53149e+03
1.61059e+04 8.53590e+03
1.61209e+04 8.54034e+03
1.61359e+04 8.54480e+03
1.61509e+04 8.54929e+03
1.61659e+04 8.55382e+03
1.61809e+04 8.55837e+03
1.61959e+04 8.56294e+03
1.62109e+04 8.56755e+03
1.62259e+04 8.57219e+03
1.62410e+04 8.57685e+03
1.62560e+04 8.58154e+03
1.62710e+04 8.58626e+03
1.62860e+04 8.59101e+03
1.63010e+04 8.59578e+03
1.63160e+04 8.60058e+03
1.63310e+04 8.60541e+03
1.63460e+04 8.61027e+03
1.63610e+04 8.61516e+03
1.63760e+04 8.62007e+03
1.63910e+04 8.62501e+03
1.64060e+04 8.62998e+03
1.64211e+04 8.63498e+03
1.64361e+04 8.64000e+03
1.64511e+04 8.64505e+03
1.64661e+04 8.65013e+03
1.64811e+04 8.65523e+03
1.64961e+04 8.66037e+03
1.65111e+04 8.66553e+03
1.65261e+04 8.67071e+03
1.65411e+04 8.67592e+03
1.65561e+04 8.68116e+03
1.65711e+04 8.68643e+03
1.65861e+04 8.69172e+03
1.66011e+04 8.69704e+03
1.66161e+04 8.70238e+03
1.66312e+04 8.70776e+03
1.66462e+04 8.71315e+03
1.66612e+04 8.71858e+03
1.66762e+04 8.72403e+03
1.66912e+04 8.72950e+03
1.67062e+04 8.73500e+03
1.67212e+04 8.74053e+03
1.67362e+04 8.74608e+03
1.67512e+04 8.75166e+03
1.67662e+04 8.75727e+03
1.67812e+04 8.76290e+03
1.67962e+04 8.76855e+03
1.68112e+04 8.77423e+03
1.68262e+04 8.77994e+03
1.68412e+04 8.78567e+03
1.68563e+04 8.79142e+03
1.68713e+04 8.79720e+03
1.68863e+04 8.80301e+03
1.69013e+04 8.80884e+03
1.69163e+04 8.81469e+03
1.69313e+04 8.82057e+03
1.69463e+04 8.82648e+03
1.69613e+04 8.83240e+03
1.69763e+04 8.83836e+03
1.69913e+04 8.84433e+03
1.70063e+04 8.85033e+03
1.70213e+04 8.85636e+03
1.70363e+04 8.86241e+03
1.70513e+04 8.86848e+03
1.70663e+04 8.87457e+03
1.70814e+04 8.88069e+03
1.70964e+04 8.88684e+03
1.71114e+04 8.89300e+03
1.71264e+04 8.89919e+03
1.71414e+04 8.90541e+03
1.71564e+04 8.91164e+03
1.71714e+04 8.91790e+03
1.71864e+04 8.92419e+03
1.72014e+04 8.93049e+03
1.72164e+04 8.93682e+03
1.72314e+04 8.94317e+03
1.72464e+04 8.94955e+03
1.72614e+04 8.95594e+03
1.72764e+04 8.96236e+03
1.72914e+04 8.96880e+03
1.73065e+04 8.97527e+03
1.73215e+04 8.98175e+03
1.73365e+04 8.98826e+03
1.73515e+04 8.99479e+03
1.73665e+04 9.00134e+03
1.73815e+04 9.00792e+03
1.73965e+04 9.01451e+03
1.74115e+04 9.02113e+03
1.74265e+04 9.02777e+03
1.74415e+04 9.03443e+03
1.74565e+04 9.04111e+03
1.74715e+04 9.04782e+03
1.74865e+04 9.05454e+03
1.75015e+04 9.06129e+03
1.75165e+04 9.06805e+03
1.75316e+04 9.07484e+03
1.75466e+04 9.08165e+03
1.75616e+04 9.08848e+03
1.75766e+04 9.09533e+03
1.75916e+04 9.10220e+03
1.76066e+04 9.10909e+03
1.76216e+04 9.11600e+03
1.76366e+04 9.12293e+03
1.76516e+04 9.12989e+03
1.76666e+04 9.13686e+03
1.76816e+04 9.14385e+03
1.76966e+04 9.15086e+03
1.77116e+04 9.15789e+03
1.77266e+04 9.16494e+03
1.77416e+04 9.17201e+03
1.77566e+04 9.17910e+03
1.77717e+04 9.18621e+03
1.77867e+04 9.19334e+03
1.78017e+04 9.20049e+03
1.78167e+04 9.20765e+03
1.78317e+04 9.21484e+03
1.78467e+04 9.22204e+03
1.78617e+04 9.22927e+03
1.78767e+04 9.23651e+03
1.78917e+04 9.24377e+03
1.79067e+04 9.25104e+03
1.79217e+04 9.25834e+03
1.79367e+04 9.26565e+03
1.79517e+04 9.27299e+03
1.79667e+04 9.28034e+03
1.79817e+04 9.28770e+03
1.79968e+04 9.29509e+03
1.80118e+04 9.30249e+03
1.80268e+04 9.30991e+03
1.80418e+04 9.31735e+03
1.80568e+04 9.32480e+03
1.80718e+04 9.33227e+03
1.80868e+04 9.33976e+03
1.81018e+04 9.34727e+03
1.81168e+04 9.35479e+03
1.81318e+04 9.36233e+03
1.81468e+04 9.36988e+03
1.81618e+04 9.37745e+03
1.81768e+04 9.38504e+03
1.81918e+04 9.39264e+03
1.82068e+04 9.40026e+03
1.82219e+04 9.40789e+03
1.82369e+04 9.41554e+03
1.82519e+04 9.42321e+03
1.82669e+04 9.43089e+03
1.82819e+04 9.43858e+03
1.82969e+04 9.44629e+03
1.83119e+04 9.45402e+03
1.83269e+04 9.46176e+03
1.83419e+04 9.46951e+03
1.83569e+04 9.47728e+03
1.83719e+04 9.48506e+03
1.83869e+04 9.49286e+03
1.84019e+04 9.50067e+03
1.84169e+04 9.50850e+03
1.84319e+04 9.51633e+03
1.84470e+04 9.52419e+03
1.84620e+04 9.53205e+03
1.84770e+04 9.53993e+03
1.84920e+04 9.54782e+03
1.85070e+04 9.55573e+03
1.85220e+04 9.56365e+03
1.85370e+04 9.57158e+03
1.85520e+04 9.57952e+03
1.85670e+04 9.58748e+03
1.85820e+04 9.59545e+03
1.85970e+04 9.60343e+03
1.86120e+04 9.61142e+03
1.86270e+04 9.61942e+03
1.86420e+04 9.62744e+03
1.86570e+04 9.63546e+03
1.86721e+04 9.64350e+03
1.86871e+04 9.65155e+03
1.87021e+04 9.65961e+03
1.87171e+04 9.66768e+03
1.87321e+04 9.67577e+03
1.87471e+04 9.68386e+03
1.87621e+04 9.69196e+03
1.87771e+04 9.70008e+03
1.87921e+04 9.70820e+03
1.88071e+04 9.71634e+03
1.88221e+04 9.72448e+03
1.88371e+04 9.73263e+03
1.88521e+04 9.74080e+03
1.88671e+04 9.74897e+03
1.88821e+04 9.75715e+03
1.88971e+04 9.76534e+03
1.89122e+04 9.77354e+03
1.89272e+04 9.78175e+03
1.89422e+04 9.78997e+03
1.89572e+04 9.79819e+03
1.89722e+04 9.80643e+03
1.89872e+04 9.81467e+03
1.90022e+04 9.82292e+03
1.90172e+04 9.83118e+03
1.90322e+04 9.83945e+03
1.90472e+04 9.84772e+03
1.90622e+04 9.85600e+03
1.90772e+04 9.86429e+03
1.90922e+04 9.87258e+03
1.91072e+04 9.88089e+03
1.91222e+04 9.88920e+03
1.91373e+04 9.89751e+03
1.91523e+04 9.90584e+03
1.91673e+04 9.91416e+03
1.91823e+04 9.92250e+03
1.91973e+04 9.93084e+03
1.92123e+04 9.93919e+03
1.92273e+04 9.94754e+03
1.92423e+04 9.95590e+03
1.92573e+04 9.96426e+03
1.92723e+04 9.97263e+03
1.92873e+04 9.98101e+03
1.93023e+04 9.98939e+03
1.93173e+04 9.99777e+03
1.93323e+04 1.00062e+04
1.93473e+04 1.00146e+04
1.93624e+04 1.00230e+04
1.93774e+04 1.00314e+04
1.93924e+04 1.00398e+04
1.94074e+04 1.00482e+04
1.94224e+04 1.00566e+04
1.94374e+04 1.00650e+04
1.94524e+04 1.00734e+04
1.94674e+04 1.00818e+04
1.94824e+04 1.00903e+04
1.94974e+04 1.00987e+04
1.95124e+04 1.01071e+04
1.95274e+04 1.01156e+04
1.95424e+04 1.01240e+04
1.95574e+04 1.01325e+04
1.95724e+04 1.01409e+04
1.95875e+04 1.01493e+04
1.96025e+04 1.01578e+04
1.96175e+04 1.01662e+04
1.96325e+04 1.01747e+04
1.96475e+04 1.01831e+04
1.96625e+04 1.01916e+04
1.96775e+04 1.02001e+04
1.96925e+04 1.02085e+04
1.97075e+04 1.02170e+04
1.97225e+04 1.02254e+04
1.97375e+04 1.02339e+04
1.97525e+04 1.02423e+04
1.97675e+04 1.02508e+04
1.97825e+04 1.02593e+04
1.97975e+04 1.02677e+04
1.98126e+04 1.02762e+04
1.98276e+04 1.02847e+04
1.98426e+04 1.02931e+04
1.98576e+04 1.03016e+04
1.98726e+04 1.03100e+04
1.98876e+04 1.03185e+04
1.99026e+04 1.03269e+04
1.99176e+04 1.03354e+04
1.99326e+04 1.03439e+04
1.99476e+04 1.03523e+04
1.99626e+04 1.03608e+04
1.99776e+04 1.03692e+04
1.99926e+04 1.03777e+04
2.00076e+04 1.03861e+04
2.00226e+04 1.03945e+04
2.00376e+04 1.04030e+04
2.00527e+04 1.04114e+04
2.00677e+04 1.04199e+04
2.00827e+04 1.04283e+04
2.00977e+04 1.04367e+04
2.01127e+04 1.04452e+04
2.01277e+04 1.04536e+04
2.01427e+04 1.04620e+04
2.01577e+04 1.04704e+04
2.01727e+04 1.04788e+04
2.01877e+04 1.04872e+04
2.02027e+04 1.04956e+04
2.02177e+04 1.05041e+04
2.02327e+04 1.05124e+04
2.02477e+04 1.05208e+04
2.02627e+04 1.05292e+04
2.02778e+04 1.05376e+04
2.02928e+04 1.05460e+04
2.03078e+04 1.05544e+04
2.03228e+04 1.05627e+04
2.03378e+04 1.05711e+04
2.03528e+04 1.05795e+04
2.03678e+04 1.05878e+04
2.03828e+04 1.05962e+04
2.03978e+04 1.06045e+04
2.04128e+04 1.06128e+04
2.04278e+04 1.06212e+04
2.04428e+04 1.06295e+04
2.04578e+04 1.06378e+04
2.04728e+04 1.06461e+04
2.04878e+04 1.06544e+04
2.05029e+04 1.06627e+04
2.05179e+04 1.06710e+04
2.05329e+04 1.06793e+04
2.05479e+04 1.06876e+04
2.05629e+04 1.06959e+04
2.05779e+04 1.07041e+04
2.05929e+04 1.07124e+04
2.06079e+04 1.07206e+04
2.06229e+04 1.07289e+04
2.06380e+04 1.07371e+04
2.06530e+04 1.07453e+04
2.06680e+04 1.07535e+04
2.06830e+04 1.07617e+04
2.06980e+04 1.07699e+04
2.07130e+04 1.07781e+04
2.07281e+04 1.07863e+04
2.07431e+04 1.07945e+04
2.07581e+04 1.08026e+04
2.07731e+04 1.08108e+04
2.07881e+04 1.08189e+04
2.08031e+04 1.08270e+04
2.08182e+04 1.08351e+04
2.08332e+04 1.08433e+04
2.08482e+04 1.08514e+04
2.08632e+04 1.08595e+04
2.08782e+04 1.08675e+04
2.08932e+04 1.08756e+04
2.09083e+04 1.08837e+04
2.09233e+04 1.08917e+04
2.09383e+04 1.08997e+04
2.09533e+04 1.09078e+04
2.09683e+04 1.09158e+04
2.09833e+04 1.09238e+04
2.09983e+04 1.09318e+04
2.10134e+04 1.09397e+04
2.10284e+04 1.09477e+04
2.10434e+04 1.09557e+04
2.10584e+04 1.09636e+04
2.10734e+04 1.09715e+04
2.10884e+04 1.09795e+04
2.11035e+04 1.09874e+04
2.11185e+04 1.09952e+04
2.11335e+04 1.10031e+04
2.11485e+04 1.10110e+04
2.11635e+04 1.10188e+04
2.11785e+04 1.10267e+04
2.11936e+04 1.10345e+04
2.12086e+04 1.10423e+04
2.12236e+04 1.10501e+04
2.12386e+04 1.10579e+04
2.12536e+04 1.10657e+04
2.12686e+04 1.10734e+04
2.12837e+04 1.10811e+04
2.12987e+04 1.10889e+04
2.13137e+04 1.10966e+04
2.13287e+04 1.11043e+04
2.13437e+04 1.11120e+04
2.13587e+04 1.11196e+04
2.13738e+04 1.11273e+04
2.13888e+04 1.11349e+04
2.14038e+04 1.11425e+04
2.14188e+04 1.11501e+04
2.14338e+04 1.11577e+04
2.14488e+04 1.11653e+04
2.14639e+04 1.11728e+04
2.14789e+04 1.11804e+04
2.14939e+04 1.11879e+04
2.15089e+04 1.11954e+04
2.15239e+04 1.12029e+04
2.15389e+04 1.12103e+04
2.15539e+04 1.12178e+04
2.15690e+04 1.12252e+04
2.15840e+04 1.12326e+04
2.15990e+04 1.12400e+04
2.16140e+04 1.12474e+04
2.16290e+04 1.12548e+04
2.16440e+04 1.12621e+04
2.16591e+04 1.12694e+04
2.16741e+04 1.12767e+04
2.16891e+04 1.12840e+04
2.17041e+04 1.12913e+04
2.17191e+04 1.12985e+04
2.17341e+04 1.13058e+04
2.17492e+04 1.13130e+04
2.17642e+04 1.13202e+04
2.17792e+04 1.13273e+04
2.17942e+04 1.13345e+04
2.18092e+04 1.13416e+04
2.18242e+04 1.13487e+04
2.18393e+04 1.13558e+04
2.18543e+04 1.13629e+04
2.18693e+04 1.13699e+04
2.18843e+04 1.13770e+04
2.18993e+04 1.13840e+04
2.19143e+04 1.13910e+04
2.19294e+04 1.13979e+04
2.19444e+04 1.14049e+04
2.19594e+04 1.14118e+04
2.19744e+04 1.14187e+04
2.19894e+04 1.14256e+04
2.20044e+04 1.14324e+04
2.20194e+04 1.14392e+04
2.20345e+04 1.14461e+04
2.20495e+04 1.14528e+04
2.20645e+04 1.14596e+04
2.20795e+04 1.14663e+04
2.20945e+04 1.14731e+04
2.21095e+04 1.14798e+04
2.21246e+04 1.14864e+04
2.21396e+04 1.14931e+04
2.21546e+04 1.14997e+04
2.21696e+04 1.15063e+04
2.21846e+04 1.15129e+04
2.21996e+04 1.15194e+04
2.22147e+04 1.15259e+04
2.22297e+04 1.15324e+04
2.22447e+04 1.15389e+04
2.22597e+04 1.15454e+04
2.22747e+04 1.15518e+04
2.22897e+04 1.15582e+04
2.23048e+04 1.15646e+04
2.23198e+04 1.15709e+04
2.23348e+04 1.15772e+04
2.23498e+04 1.15835e+04
2.23648e+04 1.15898e+04
2.23798e+04 1.15961e+04
2.23949e+04 1.16023e+04
2.24099e+04 1.16085e+04
2.24249e+04 1.16146e+04
2.24399e+04 1.16208e+04
2.24549e+04 1.16269e+04
2.24699e+04 1.16330e+04
2.24849e+04 1.16390e+04
2.25000e+04 1.16450e+04
2.25150e+04 1.16510e+04
2.25300e+04 1.16570e+04
2.25450e+04 1.16629e+04
2.25600e+04 1.16689e+04
2.25750e+04 1.16747e+04
2.25901e+04 1.16806e+04
2.26051e+04 1.16864e+04
2.26201e+04 1.16922e+04
2.26351e+04 1.16980e+04
2.26501e+04 1.17037e+04
2.26651e+04 1.17094e+04
2.26802e+04 1.17151e+04
2.26952e+04 1.17207e+04
2.27102e+04 1.17264e+04
2.27252e+04 1.17319e+04
2.27402e+04 1.17375e+04
2.27552e+04 1.17430e+04
2.27703e+04 1.17485e+04
2.27853e+04 1.17540e+04
2.28003e+04 1.17594e+04
2.28153e+04 1.17648e+04
2.28303e+04 1.17702e+04
2.28453e+04 1.17755e+04
2.28604e+04 1.17808e+04
2.28754e+04 1.17861e+04
2.28904e+04 1.17913e+04
2.29054e+04 1.17965e+04
2.29204e+04 1.18017e+04
2.29354e+04 1.18068e+04
2.29505e+04 1.18119e+04
2.29655e+04 1.18170e+04
2.29805e+04 1.18220e+04
2.29955e+04 1.18270e+04
2.30105e+04 1.18320e+04
2.30255e+04 1.18369e+04
2.30405e+04 1.18418e+04
2.30556e+04 1.18467e+04
2.30706e+04 1.18515e+04
2.30856e+04 1.18563e+04
2.31006e+04 1.18611e+04
2.31156e+04 1.18658e+04
2.31306e+04 1.18705e+04
2.31457e+04 1.18751e+04
2.31607e+04 1.18798e+04
2.31757e+04 1.18843e+04
2.31907e+04 1.18889e+04
2.32057e+04 1.18934e+04
2.32207e+04 1.18979e+04
2.32358e+04 1.19023e+04
2.32508e+04 1.19067e+04
2.32658e+04 1.19111e+04
2.32808e+04 1.19154e+04
2.32958e+04 1.19197e+04
2.33108e+04 1.19239e+04
2.33259e+04 1.19281e+04
2.33409e+04 1.19323e+04
2.33559e+04 1.19364e+04
2.33709e+04 1.19405e+04
2.33859e+04 1.19446e+04
2.34009e+04 1.19486e+04
2.34160e+04 1.19526e+04
2.34310e+04 1.19565e+04
2.34460e+04 1.19604e+04
2.34610e+04 1.19642e+04
2.34760e+04 1.19681e+04
2.34910e+04 1.19718e+04
2.35060e+04 1.19756e+04
2.35211e+04 1.19793e+04
2.35361e+04 1.19829e+04
2.35511e+04 1.19865e+04
2.35661e+04 1.19901e+04
2.35811e+04 1.19937e+04
2.35961e+04 1.19971e+04
2.36112e+04 1.20006e+04
2.36262e+04 1.20040e+04
2.36412e+04 1.20074e+04
2.36562e+04 1.20107e+04
2.36712e+04 1.20140e+04
2.36862e+04 1.20172e+04
2.37013e+04 1.20204e+04
2.37163e+04 1.20236e+04
2.37313e+04 1.20267e+04
2.37463e+04 1.20298e+04
2.37613e+04 1.20328e+04
2.37763e+04 1.20358e+04
2.37914e+04 1.20387e+04
2.38064e+04 1.20416e+04
2.38214e+04 1.20445e+04
2.38364e+04 1.20473e+04
2.38514e+04 1.20500e+04
2.38664e+04 1.20527e+04
2.38815e+04 1.20554e+04
2.38965e+04 1.20580e+04
2.39115e+04 1.20606e+04
2.39265e+04 1.20632e+04
2.39415e+04 1.20657e+04
2.39565e+04 1.20681e+04
2.39715e+04 1.20705e+04
2.39866e+04 1.20729e+04
2.40016e+04 1.20752e+04
2.40166e+04 1.20775e+04
2.40316e+04 1.20797e+04
2.40466e+04 1.20818e+04
2.40616e+04 1.20840e+04
2.40767e+04 1.20861e+04
2.40917e+04 1.20881e+04
2.41067e+04 1.20901e+04
2.41217e+04 1.20920e+04
2.41367e+04 1.20939e+04
2.41517e+04 1.20958e+04
2.41668e+04 1.20975e+04
2.41818e+04 1.20993e+04
2.41968e+04 1.21010e+04
2.42118e+04 1.21027e+04
2.42268e+04 1.21043e+04
2.42418e+04 1.21058e+04
2.42569e+04 1.21073e+04
2.42719e+04 1.21088e+04
2.42869e+04 1.21102e+04
2.43019e+04 1.21116e+04
2.43169e+04 1.21129e+04
2.43319e+04 1.21141e+04
2.43470e+04 1.21154e+04
2.43620e+04 1.21165e+04
2.43770e+04 1.21176e+04
2.43920e+04 1.21187e+04
2.44070e+04 1.21197e+04
2.44220e+04 1.21207e+04
2.44371e+04 1.21216e+04
2.44521e+04 1.21225e+04
2.44671e+04 1.21233e+04
2.44821e+04 1.21241e+04
2.44971e+04 1.21248e+04
2.45121e+04 1.21255e+04
2.45271e+04 1.21261e+04
2.45422e+04 1.21266e+04
2.45572e+04 1.21272e+04
2.45722e+04 1.21276e+04
2.45872e+04 1.21280e+04
2.46022e+04 1.21284e+04
2.46172e+04 1.21287e+04
2.46323e+04 1.21290e+04
2.46473e+04 1.21292e+04
2.46623e+04 1.21293e+04
2.46773e+04 1.21295e+04
2.46923e+04 1.21295e+04
2.47073e+04 1.21295e+04
2.47224e+04 1.21295e+04
2.47374e+04 1.21294e+04
2.47524e+04 1.21292e+04
2.47674e+04 1.21290e+04
2.47824e+04 1.21287e+04
2.47974e+04 1.21284e+04
2.48125e+04 1.21281e+04
2.48275e+04 1.21277e+04
2.48425e+04 1.21272e+04
2.48575e+04 1.21267e+04
2.48725e+04 1.21261e+04
2.48875e+04 1.21255e+04
2.49026e+04 1.21248e+04
2.49176e+04 1.21241e+04
2.49326e+04 1.21233e+04
2.49476e+04 1.21225e+04
2.49626e+04 1.21216e+04
2.49776e+04 1.21206e+04
2.49926e+04 1.21197e+04
2.50077e+04 1.21186e+04
2.50227e+04 1.21175e+04
2.50377e+04 1.21164e+04
2.50527e+04 1.21152e+04
2.50677e+04 1.21139e+04
2.50827e+04 1.21126e+04
2.50978e+04 1.21112e+04
2.51128e+04 1.21098e+04
2.51278e+04 1.21083e+04
2.51428e+04 1.21068e+04
2.51578e+04 1.21052e+04
2.51728e+04 1.21036e+04
2.51879e+04 1.21019e+04
2.52029e+04 1.21002e+04
2.52179e+04 1.20984e+04
2.52329e+04 1.20965e+04
2.52479e+04 1.20947e+04
2.52629e+04 1.20927e+04
2.52780e+04 1.20907e+04
2.52930e+04 1.20886e+04
2.53080e+04 1.20865e+04
2.53230e+04 1.20844e+04
2.53380e+04 1.20822e+04
2.53530e+04 1.20799e+04
2.53681e+04 1.20776e+04
2.53831e+04 1.20752e+04
2.53981e+04 1.20727e+04
2.54131e+04 1.20703e+04
2.54281e+04 1.20677e+04
2.54431e+04 1.20651e+04
2.54582e+04 1.20625e+04
2.54732e+04 1.20598e+04
2.54882e+04 1.20570e+04
2.55032e+04 1.20542e+04
2.55182e+04 1.20514e+04
2.55332e+04 1.20485e+04
2.55482e+04 1.20455e+04
2.55633e+04 1.20425e+04
2.55783e+04 1.20394e+04
2.55933e+04 1.20363e+04
2.56083e+04 1.20331e+04
2.56233e+04 1.20299e+04
2.56383e+04 1.20266e+04
2.56534e+04 1.20233e+04
2.56684e+04 1.20199e+04
2.56834e+04 1.20165e+04
2.56984e+04 1.20130e+04
2.57134e+04 1.20094e+04
2.57284e+04 1.20058e+04
2.57435e+04 1.20022e+04
2.57585e+04 1.19985e+04
2.57735e+04 1.19947e+04
2.57885e+04 1.19909e+04
2.58035e+04 1.19871e+04
2.58185e+04 1.19831e+04
2.58336e+04 1.19792e+04
2.58486e+04 1.19752e+04
2.58636e+04 1.19711e+04
2.58786e+04 1.19670e+04
2.58936e+04 1.19628e+04
2.59086e+04 1.19586e+04
2.59237e+04 1.19543e+04
2.59387e+04 1.19500e+04
2.59537e+04 1.19456e+04
2.59687e+04 1.19412e+04
2.59837e+04 1.19367e+04
2.59987e+04 1.19321e+04
2.60137e+04 1.19276e+04
2.60288e+04 1.19229e+04
2.60438e+04 1.19182e+04
2.60588e+04 1.19135e+04
2.60738e+04 1.19087e+04
2.60888e+04 1.19039e+04
2.61038e+04 1.18990e+04
2.61189e+04 1.18940e+04
2.61339e+04 1.18890e+04
2.61489e+04 1.18840e+04
2.61639e+04 1.18789e+04
2.61789e+04 1.18737e+04
2.61939e+04 1.18685e+04
2.62090e+04 1.18633e+04
2.62240e+04 1.18580e+04
2.62390e+04 1.18526e+04
2.62540e+04 1.18472e+04
2.62690e+04 1.18418e+04
2.62840e+04 1.18363e+04
2.62991e+04 1.18307e+04
2.63141e+04 1.18251e+04
2.63291e+04 1.18195e+04
2.63441e+04 1.18138e+04
2.63591e+04 1.18080e+04
2.63741e+04 1.18022e+04
2.63892e+04 1.17964e+04
2.64042e+04 1.17905e+04
2.64192e+04 1.17846e+04
2.64342e+04 1.17786e+04
2.64492e+04 1.17725e+04
2.64642e+04 1.17664e+04
2.64792e+04 1.17603e+04
2.64943e+04 1.17541e+04
2.65093e+04 1.17478e+04
2.65243e+04 1.17416e+04
2.65393e+04 1.17352e+04
2.65543e+04 1.17288e+04
2.65693e+04 1.17224e+04
2.65844e+04 1.17159e+04
2.65994e+04 1.17094e+04
2.66144e+04 1.17028e+04
2.66294e+04 1.16962e+04
2.66444e+04 1.16895e+04
2.66594e+04 1.16828e+04
2.66745e+04 1.16761e+04
2.66895e+04 1.16692e+04
2.67045e+04 1.16624e+04
2.67195e+04 1.16555e+04
2.67345e+04 1.16485e+04
2.67495e+04 1.16415e+04
2.67646e+04 1.16345e+04
2.67796e+04 1.16274e+04
2.67946e+04 1.16202e+04
2.68096e+04 1.16131e+04
2.68246e+04 1.16058e+04
2.68396e+04 1.15985e+04
2.68547e+04 1.15912e+04
2.68697e+04 1.15839e+04
2.68847e+04 1.15764e+04
2.68997e+04 1.15690e+04
2.69147e+04 1.15615e+04
2.69297e+04 1.15539e+04
2.69448e+04 1.15463e+04
2.69598e+04 1.15387e+04
2.69748e+04 1.15310e+04
2.69898e+04 1.15233e+04
2.70048e+04 1.15155e+04
2.70198e+04 1.15077e+04
2.70348e+04 1.14999e+04
2.70499e+04 1.14920e+04
2.70649e+04 1.14840e+04
2.70799e+04 1.14761e+04
2.70949e+04 1.14680e+04
2.71099e+04 1.14600e+04
2.71249e+04 1.14519e+04
2.71400e+04 1.14437e+04
2.71550e+04 1.14355e+04
2.71700e+04 1.14273e+04
2.71850e+04 1.14190e+04
2.72000e+04 1.14107e+04
2.72150e+04 1.14023e+04
2.72301e+04 1.13940e+04
2.72451e+04 1.13855e+04
2.72601e+04 1.13771e+04
2.72751e+04 1.13685e+04
2.72901e+04 1.13600e+04
2.73051e+04 1.13514e+04
2.73202e+04 1.13428e+04
2.73352e+04 1.13341e+04
2.73502e+04 1.13254e+04
2.73652e+04 1.13167e+04
2.73802e+04 1.13079e+04
2.73952e+04 1.12991e+04
2.74103e+04 1.12902e+04
2.74253e+04 1.12813e+04
2.74403e+04 1.12724e+04
2.74553e+04 1.12635e+04
2.74703e+04 1.12545e+04
2.74853e+04 1.12455e+04
2.75003e+04 1.12364e+04
2.75154e+04 1.12273e+04
2.75304e+04 1.12182e+04
2.75454e+04 1.12090e+04
2.75604e+04 1.11998e+04
2.75754e+04 1.11906e+04
2.75904e+04 1.11814e+04
2.76055e+04 1.11721e+04
2.76205e+04 1.11628e+04
2.76355e+04 1.11534e+04
2.76505e+04 1.11441e+04
2.76655e+04 1.11346e+04
2.76805e+04 1.11252e+04
2.76956e+04 1.11158e+04
2.77106e+04 1.11063e+04
2.77256e+04 1.10967e+04
2.77406e+04 1.10872e+04
2.77556e+04 1.10776e+04
2.77706e+04 1.10680e+04
2.77857e+04 1.10584e+04
2.78007e+04 1.10488e+04
2.78157e+04 1.10391e+04
2.78308e+04 1.10294e+04
2.78458e+04 1.10197e+04
2.78608e+04 1.10099e+04
2.78758e+04 1.10002e+04
2.78909e+04 1.09904e+04
2.79059e+04 1.09806e+04
2.79209e+04 1.09707e+04
2.79360e+04 1.09609e+04
2.79510e+04 1.09510e+04
2.79660e+04 1.09411e+04
2.79811e+04 1.09312e+04
2.79961e+04 1.09213e+04
2.80111e+04 1.09113e+04
2.80262e+04 1.09014e+04
2.80412e+04 1.08914e+04
2.80562e+04 1.08814e+04
2.80713e+04 1.08714e+04
2.80863e+04 1.08614e+04
2.81013e+04 1.08513e+04
2.81164e+04 1.08413e+04
2.81314e+04 1.08312e+04
2.81464e+04 1.08211e+04
2.81615e+04 1.08110e+04
2.81765e+04 1.08009e+04
2.81915e+04 1.07908e+04
2.82066e+04 1.07807e+04
2.82216e+04 1.07706e+04
2.82366e+04 1.07604e+04
2.82517e+04 1.07503e+04
2.82667e+04 1.07401e+04
2.82817e+04 1.07299e+04
2.82968e+04 1.07198e+04
2.83118e+04 1.07096e+04
2.83268e+04 1.06994e+04
2.83418e+04 1.06892e+04
2.83569e+04 1.06791e+04
2.83719e+04 1.06689e+04
2.83869e+04 1.06587e+04
2.84020e+04 1.06485e+04
2.84170e+04 1.06383e+04
2.84320e+04 1.06281e+04
2.84471e+04 1.06180e+04
2.84621e+04 1.06078e+04
2.84771e+04 1.05976e+04
2.84922e+04 1.05875e+04
2.85072e+04 1.05773e+04
2.85222e+04 1.05671e+04
2.85373e+04 1.05570e+04
2.85523e+04 1.05469e+04
2.85673e+04 1.05368e+04
2.85824e+04 1.05266e+04
2.85974e+04 1.05165e+04
2.86124e+04 1.05065e+04
2.86275e+04 1.04964e+04
2.86425e+04 1.04864e+04
2.86575e+04 1.04763e+04
2.86726e+04 1.04663e+04
2.86876e+04 1.04563e+04
2.87026e+04 1.04463e+04
2.87177e+04 1.04364e+04
2.87327e+04 1.04265e+04
2.87477e+04 1.04166e+04
2.87627e+04 1.04067e+04
2.87778e+04 1.03969e+04
2.87928e+04 1.03870e+04
2.88078e+04 1.03773e+04
2.88229e+04 1.03675e+04
2.88379e+04 1.03578e+04
2.88529e+04 1.03481e+04
2.88680e+04 1.03385e+04
2.88830e+04 1.03289e+04
2.88980e+04 1.03193e+04
2.89131e+04 1.03098e+04
2.89281e+04 1.03003e+04
2.89431e+04 1.02909e+04
2.89582e+04 1.02815e+04
2.89732e+04 1.02722e+04
2.89882e+04 1.02629e+04
2.90033e+04 1.02537e+04
2.90183e+04 1.02446e+04
2.90333e+04 1.02355e+04
2.90484e+04 1.02264e+04
2.90634e+04 1.02174e+04
2.90784e+04 1.02085e+04
2.90935e+04 1.01996e+04
2.91085e+04 1.01908e+04
2.91235e+04 1.01821e+04
2.91386e+04 1.01735e+04
2.91536e+04 1.01649e+04
2.91686e+04 1.01564e+04
2.91836e+04 1.01480e+04
2.91987e+04 1.01396e+04
2.92137e+04 1.01314e+04
2.92287e+04 1.01232e+04
2.92438e+04 1.01151e+04
2.92588e+04 1.01071e+04
2.92738e+04 1.00992e+04
2.92889e+04 1.00913e+04
2.93039e+04 1.00836e+04
2.93189e+04 1.00760e+04
2.93340e+04 1.00685e+04
2.93490e+04 1.00610e+04
2.93640e+04 1.00537e+04
2.93791e+04 1.00465e+04
2.93941e+04 1.00394e+04
2.94091e+04 1.00324e+04
2.94242e+04 1.00255e+04
2.94392e+04 1.00188e+04
2.94542e+04 1.00121e+04
2.94693e+04 1.00056e+04
2.94843e+04 9.99917e+03
2.94993e+04 9.99289e+03
2.95144e+04 9.98673e+03
2.95294e+04 9.98070e+03
2.95444e+04 9.97480e+03
2.95595e+04 9.96903e+03
2.95745e+04 9.96339e+03
2.95895e+04 9.95789e+03
2.96045e+04 9.95253e+03
2.96196e+04 9.94732e+03
2.96346e+04 9.94224e+03
2.96496e+04 9.93730e+03
2.96647e+04 9.93252e+03
2.96797e+04 9.92787e+03
2.96947e+04 9.92338e+03
2.97098e+04 9.91904e+03
2.97248e+04 9.91486e+03
2.97398e+04 9.91082e+03
2.97549e+04 9.90694e+03
2.97699e+04 9.90322e+03
2.97849e+04 9.89966e+03
2.98000e+04 9.89626e+03
2.98150e+04 9.89302e+03
2.98300e+04 9.88994e+03
2.98451e+04 9.88703e+03
2.98601e+04 9.88428e+03
2.98751e+04 9.88170e+03
2.98902e+04 9.87928e+03
2.99052e+04 9.87704e+03
2.99202e+04 9.87496e+03
2.99353e+04 9.87305e+03
2.99503e+04 9.87132e+03
2.99653e+04 9.86975e+03
2.99804e+04 9.86836e+03
2.99954e+04 9.86714e+03
3.00104e+04 9.86609e+03
3.00255e+04 9.86522e+03
3.00405e+04 9.86452e+03
3.00555e+04 9.86400e+03
3.00705e+04 9.86365e+03
3.00856e+04 9.86347e+03
