# 4004
-3.00907e+04 3.21845e+03
-3.00757e+04 3.21843e+03
-3.00607e+04 3.21841e+03
-3.00457e+04 3.21838e+03
-3.00307e+04 3.21836e+03
-3.00157e+04 3.21836e+03
-3.00007e+04 3.21838e+03
-2.99857e+04 3.21840e+03
-2.99707e+04 3.21842e+03
-2.99557e+04 3.21843e+03
-2.99407e+04 3.21844e+03
-2.99257e+04 3.21845e+03
-2.99107e+04 3.21846e+03
-2.98957e+04 3.21848e+03
-2.98807e+04 3.21850e+03
-2.98657e+04 3.21852e+03
-2.98507e+04 3.21855e+03
-2.98356e+04 3.21858e+03
-2.98206e+04 3.21860e+03
-2.98056e+04 3.21860e+03
-2.97906e+04 3.21860e+03
-2.97756e+04 3.21860e+03
-2.97606e+04 3.21859e+03
-2.97456e+04 3.21859e+03
-2.97306e+04 3.21858e+03
-2.97156e+04 3.21858e+03
-2.97006e+04 3.21861e+03
-2.96856e+04 3.21865e+03
-2.96706e+04 3.21868e+03
-2.96556e+04 3.21871e+03
-2.96406e+04 3.21874e+03
-2.96256e+04 3.21876e+03
-2.96106e+04 3.21876e+03
-2.95956e+04 3.21873e+03
-2.95806e+04 3.21871e+03
-2.95656e+04 3.21869e+03
-2.95506e+04 3.21868e+03
-2.95356e+04 3.21866e+03
-2.95206e+04 3.21865e+03
-2.95055e+04 3.21867e+03
-2.94905e+04 3.21869e+03
-2.94755e+04 3.21871e+03
-2.94605e+04 3.21874e+03
-2.94455e+04 3.21876e+03
-2.94305e+04 3.21879e+03
-2.94155e+04 3.21881e+03
-2.94005e+04 3.21884e+03
-2.93855e+04 3.21887e+03
-2.93705e+04 3.21890e+03
-2.93555e+04 3.21893e+03
-2.93405e+04 3.21897e+03
-2.93255e+04 3.21900e+03
-2.93105e+04 3.21902e+03
-2.92955e+04 3.21903e+03
-2.92805e+04 3.21902e+03
-2.92655e+04 3.21902e+03
-2.92505e+04 3.21902e+03
-2.92355e+04 3.21901e+03
-2.92205e+04 3.21900e+03
-2.92055e+04 3.21901e+03
-2.91904e+04 3.21902e+03
-2.91754e+04 3.21904e+03
-2.91604e+04 3.21906e+03
-2.91454e+04 3.21907e+03
-2.91304e+04 3.21909e+03
-2.91154e+04 3.21911e+03
-2.91004e+04 3.21911e+03
-2.90854e+04 3.21911e+03
-2.90704e+04 3.21911e+03
-2.90554e+04 3.21910e+03
-2.90404e+04 3.21910e+03
-2.90254e+04 3.21910e+03
-2.90104e+04 3.21909e+03
-2.89953e+04 3.21909e+03
-2.89803e+04 3.21909e+03
-2.89653e+04 3.21910e+03
-2.89503e+04 3.21910e+03
-2.89353e+04 3.21911e+03
-2.89203e+04 3.21911e+03
-2.89052e+04 3.21911e+03
-2.88902e+04 3.21909e+03
-2.88752e+04 3.21907e+03
-2.88602e+04 3.21905e+03
-2.88452e+04 3.21903e+03
-2.88301e+04 3.21901e+03
-2.88151e+04 3.21900e+03
-2.88001e+04 3.21901e+03
-2.87851e+04 3.21903e+03
-2.87701e+04 3.21905e+03
-2.87550e+04 3.21907e+03
-2.87400e+04 3.21909e+03
-2.87250e+04 3.21910e+03
-2.87100e+04 3.21912e+03
-2.86950e+04 3.21911e+03
-2.86799e+04 3.21910e+03
-2.86649e+04 3.21910e+03
-2.86499e+04 3.21909e+03
-2.86349e+04 3.21908e+03
-2.86199e+04 3.21908e+03
-2.86048e+04 3.21907e+03
-2.85898e+04 3.21908e+03
-2.85748e+04 3.21909e+03
-2.85598e+04 3.21910e+03
-2.85448e+04 3.21911e+03
-2.85298e+04 3.21912e+03
-2.85147e+04 3.21913e+03
-2.84997e+04 3.21915e+03
-2.84847e+04 3.21918e+03
-2.84697e+04 3.21920e+03
-2.84547e+04 3.21923e+03
-2.84396e+04 3.21927e+03
-2.84246e+04 3.21930e+03
-2.84096e+04 3.21934e+03
-2.83946e+04 3.21936e+03
-2.83796e+04 3.21936e+03
-2.83645e+04 3.21936e+03
-2.83495e+04 3.21935e+03
-2.83345e+04 3.21934e+03
-2.83195e+04 3.21933e+03
-2.83045e+04 3.21931e+03
-2.82894e+04 3.21931e+03
-2.82744e+04 3.21931e+03
-2.82594e+04 3.21931e+03
-2.82444e+04 3.21930e+03
-2.82294e+04 3.21930e+03
-2.82143e+04 3.21929e+03
-2.81993e+04 3.21929e+03
-2.81843e+04 3.21931e+03
-2.81693e+04 3.21932e+03
-2.81543e+04 3.21933e+03
-2.81393e+04 3.21935e+03
-2.81242e+04 3.21936e+03
-2.81092e+04 3.21938e+03
-2.80942e+04 3.21939e+03
-2.80792e+04 3.21941e+03
-2.80642e+04 3.21943e+03
-2.80491e+04 3.21945e+03
-2.80341e+04 3.21947e+03
-2.80191e+04 3.21950e+03
-2.80041e+04 3.21952e+03
-2.79891e+04 3.21952e+03
-2.79740e+04 3.21953e+03
-2.79590e+04 3.21953e+03
-2.79440e+04 3.21954e+03
-2.79290e+04 3.21955e+03
-2.79140e+04 3.21956e+03
-2.78989e+04 3.21957e+03
-2.78839e+04 3.21958e+03
-2.78689e+04 3.21959e+03
-2.78539e+04 3.21960e+03
-2.78389e+04 3.21960e+03
-2.78239e+04 3.21961e+03
-2.78088e+04 3.21961e+03
-2.77938e+04 3.21961e+03
-2.77788e+04 3.21964e+03
-2.77638e+04 3.21966e+03
-2.77488e+04 3.21968e+03
-2.77337e+04 3.21971e+03
-2.77187e+04 3.21973e+03
-2.77037e+04 3.21976e+03
-2.76887e+04 3.21980e+03
-2.76737e+04 3.21984e+03
-2.76586e+04 3.21989e+03
-2.76436e+04 3.21994e+03
-2.76286e+04 3.21998e+03
-2.76136e+04 3.22003e+03
-2.75986e+04 3.22008e+03
-2.75835e+04 3.22006e+03
-2.75685e+04 3.22003e+03
-2.75535e+04 3.22000e+03
-2.75385e+04 3.21997e+03
-2.75235e+04 3.21994e+03
-2.75084e+04 3.21991e+03
-2.74934e+04 3.21989e+03
-2.74784e+04 3.21989e+03
-2.74634e+04 3.21988e+03
-2.74484e+04 3.21989e+03
-2.74334e+04 3.21989e+03
-2.74183e+04 3.21989e+03
-2.74033e+04 3.21990e+03
-2.73883e+04 3.21992e+03
-2.73733e+04 3.21996e+03
-2.73583e+04 3.22000e+03
-2.73432e+04 3.22003e+03
-2.73282e+04 3.22007e+03
-2.73132e+04 3.22010e+03
-2.72982e+04 3.22013e+03
-2.72832e+04 3.22012e+03
-2.72681e+04 3.22010e+03
-2.72531e+04 3.22007e+03
-2.72381e+04 3.22005e+03
-2.72231e+04 3.22002e+03
-2.72081e+04 3.21999e+03
-2.71930e+04 3.21996e+03
-2.71780e+04 3.21998e+03
-2.71630e+04 3.22000e+03
-2.71480e+04 3.22003e+03
-2.71330e+04 3.22007e+03
-2.71180e+04 3.22010e+03
-2.71029e+04 3.22014e+03
-2.70879e+04 3.22017e+03
-2.70729e+04 3.22016e+03
-2.70579e+04 3.22015e+03
-2.70429e+04 3.22014e+03
-2.70278e+04 3.22013e+03
-2.70128e+04 3.22011e+03
-2.69978e+04 3.22010e+03
-2.69828e+04 3.22010e+03
-2.69678e+04 3.22012e+03
-2.69527e+04 3.22013e+03
-2.69377e+04 3.22015e+03
-2.69227e+04 3.22016e+03
-2.69077e+04 3.22017e+03
-2.68927e+04 3.22019e+03
-2.68776e+04 3.22019e+03
-2.68626e+04 3.22020e+03
-2.68476e+04 3.22021e+03
-2.68326e+04 3.22022e+03
-2.68176e+04 3.22023e+03
-2.68025e+04 3.22023e+03
-2.67875e+04 3.22024e+03
-2.67725e+04 3.22028e+03
-2.67575e+04 3.22031e+03
-2.67425e+04 3.22034e+03
-2.67275e+04 3.22038e+03
-2.67124e+04 3.22041e+03
-2.66974e+04 3.22044e+03
-2.66824e+04 3.22045e+03
-2.66674e+04 3.22043e+03
-2.66524e+04 3.22040e+03
-2.66373e+04 3.22037e+03
-2.66223e+04 3.22035e+03
-2.66073e+04 3.22032e+03
-2.65923e+04 3.22030e+03
-2.65773e+04 3.22032e+03
-2.65622e+04 3.22037e+03
-2.65472e+04 3.22042e+03
-2.65322e+04 3.22046e+03
-2.65172e+04 3.22050e+03
-2.65022e+04 3.22054e+03
-2.64871e+04 3.22058e+03
-2.64721e+04 3.22058e+03
-2.64571e+04 3.22057e+03
-2.64421e+04 3.22057e+03
-2.64271e+04 3.22056e+03
-2.64120e+04 3.22054e+03
-2.63970e+04 3.22053e+03
-2.63820e+04 3.22052e+03
-2.63670e+04 3.22051e+03
-2.63520e+04 3.22051e+03
-2.63370e+04 3.22051e+03
-2.63219e+04 3.22051e+03
-2.63069e+04 3.22052e+03
-2.62919e+04 3.22052e+03
-2.62769e+04 3.22056e+03
-2.62619e+04 3.22063e+03
-2.62468e+04 3.22071e+03
-2.62318e+04 3.22078e+03
-2.62168e+04 3.22086e+03
-2.62018e+04 3.22094e+03
-2.61868e+04 3.22101e+03
-2.61717e+04 3.22101e+03
-2.61567e+04 3.22098e+03
-2.61417e+04 3.22095e+03
-2.61267e+04 3.22092e+03
-2.61117e+04 3.22088e+03
-2.60966e+04 3.22084e+03
-2.60816e+04 3.22081e+03
-2.60666e+04 3.22085e+03
-2.60516e+04 3.22089e+03
-2.60366e+04 3.22092e+03
-2.60216e+04 3.22096e+03
-2.60065e+04 3.22099e+03
-2.59915e+04 3.22103e+03
-2.59765e+04 3.22105e+03
-2.59615e+04 3.22105e+03
-2.59465e+04 3.22106e+03
-2.59314e+04 3.22106e+03
-2.59164e+04 3.22106e+03
-2.59014e+04 3.22107e+03
-2.58864e+04 3.22107e+03
-2.58714e+04 3.22108e+03
-2.58563e+04 3.22109e+03
-2.58413e+04 3.22109e+03
-2.58263e+04 3.22111e+03
-2.58113e+04 3.22112e+03
-2.57963e+04 3.22113e+03
-2.57812e+04 3.22114e+03
-2.57662e+04 3.22116e+03
-2.57512e+04 3.22118e+03
-2.57362e+04 3.22121e+03
-2.57212e+04 3.22123e+03
-2.57061e+04 3.22125e+03
-2.56911e+04 3.22127e+03
-2.56761e+04 3.22129e+03
-2.56611e+04 3.22130e+03
-2.56461e+04 3.22130e+03
-2.56311e+04 3.22129e+03
-2.56160e+04 3.22129e+03
-2.56010e+04 3.22128e+03
-2.55860e+04 3.22127e+03
-2.55710e+04 3.22127e+03
-2.55560e+04 3.22130e+03
-2.55409e+04 3.22133e+03
-2.55259e+04 3.22136e+03
-2.55109e+04 3.22140e+03
-2.54959e+04 3.22143e+03
-2.54809e+04 3.22147e+03
-2.54658e+04 3.22148e+03
-2.54508e+04 3.22147e+03
-2.54358e+04 3.22147e+03
-2.54208e+04 3.22147e+03
-2.54058e+04 3.22146e+03
-2.53907e+04 3.22145e+03
-2.53757e+04 3.22145e+03
-2.53607e+04 3.22146e+03
-2.53457e+04 3.22148e+03
-2.53307e+04 3.22150e+03
-2.53157e+04 3.22151e+03
-2.53006e+04 3.22153e+03
-2.52856e+04 3.22155e+03
-2.52706e+04 3.22156e+03
-2.52556e+04 3.22159e+03
-2.52406e+04 3.22162e+03
-2.52255e+04 3.22165e+03
-2.52105e+04 3.22167e+03
-2.51955e+04 3.22170e+03
-2.51805e+04 3.22172e+03
-2.51655e+04 3.22172e+03
-2.51504e+04 3.22171e+03
-2.51354e+04 3.22169e+03
-2.51204e+04 3.22167e+03
-2.51054e+04 3.22166e+03
-2.50904e+04 3.22164e+03
-2.50754e+04 3.22163e+03
-2.50603e+04 3.22164e+03
-2.50453e+04 3.22165e+03
-2.50303e+04 3.22167e+03
-2.50153e+04 3.22168e+03
-2.50003e+04 3.22169e+03
-2.49852e+04 3.22171e+03
-2.49702e+04 3.22172e+03
-2.49552e+04 3.22171e+03
-2.49402e+04 3.22171e+03
-2.49252e+04 3.22171e+03
-2.49101e+04 3.22172e+03
-2.48951e+04 3.22172e+03
-2.48801e+04 3.22173e+03
-2.48651e+04 3.22175e+03
-2.48501e+04 3.22177e+03
-2.48350e+04 3.22178e+03
-2.48200e+04 3.22180e+03
-2.48050e+04 3.22181e+03
-2.47900e+04 3.22182e+03
-2.47750e+04 3.22183e+03
-2.47600e+04 3.22183e+03
-2.47449e+04 3.22184e+03
-2.47299e+04 3.22185e+03
-2.47149e+04 3.22185e+03
-2.46999e+04 3.22186e+03
-2.46849e+04 3.22186e+03
-2.46698e+04 3.22187e+03
-2.46548e+04 3.22187e+03
-2.46398e+04 3.22187e+03
-2.46248e+04 3.22187e+03
-2.46098e+04 3.22188e+03
-2.45947e+04 3.22188e+03
-2.45797e+04 3.22188e+03
-2.45647e+04 3.22189e+03
-2.45497e+04 3.22190e+03
-2.45347e+04 3.22191e+03
-2.45197e+04 3.22192e+03
-2.45046e+04 3.22193e+03
-2.44896e+04 3.22194e+03
-2.44746e+04 3.22196e+03
-2.44596e+04 3.22198e+03
-2.44446e+04 3.22202e+03
-2.44295e+04 3.22205e+03
-2.44145e+04 3.22208e+03
-2.43995e+04 3.22211e+03
-2.43845e+04 3.22214e+03
-2.43695e+04 3.22216e+03
-2.43544e+04 3.22217e+03
-2.43394e+04 3.22216e+03
-2.43244e+04 3.22215e+03
-2.43094e+04 3.22214e+03
-2.42944e+04 3.22213e+03
-2.42794e+04 3.22212e+03
-2.42643e+04 3.22211e+03
-2.42493e+04 3.22215e+03
-2.42343e+04 3.22220e+03
-2.42193e+04 3.22224e+03
-2.42043e+04 3.22228e+03
-2.41892e+04 3.22233e+03
-2.41742e+04 3.22237e+03
-2.41592e+04 3.22240e+03
-2.41442e+04 3.22238e+03
-2.41292e+04 3.22236e+03
-2.41141e+04 3.22234e+03
-2.40991e+04 3.22232e+03
-2.40841e+04 3.22229e+03
-2.40691e+04 3.22227e+03
-2.40541e+04 3.22226e+03
-2.40391e+04 3.22228e+03
-2.40240e+04 3.22229e+03
-2.40090e+04 3.22231e+03
-2.39940e+04 3.22232e+03
-2.39790e+04 3.22234e+03
-2.39640e+04 3.22236e+03
-2.39489e+04 3.22238e+03
-2.39339e+04 3.22239e+03
-2.39189e+04 3.22241e+03
-2.39039e+04 3.22243e+03
-2.38889e+04 3.22244e+03
-2.38738e+04 3.22245e+03
-2.38588e+04 3.22246e+03
-2.38438e+04 3.22244e+03
-2.38288e+04 3.22242e+03
-2.38138e+04 3.22240e+03
-2.37988e+04 3.22238e+03
-2.37837e+04 3.22236e+03
-2.37687e+04 3.22234e+03
-2.37537e+04 3.22234e+03
-2.37387e+04 3.22236e+03
-2.37237e+04 3.22239e+03
-2.37086e+04 3.22241e+03
-2.36936e+04 3.22243e+03
-2.36786e+04 3.22245e+03
-2.36636e+04 3.22247e+03
-2.36486e+04 3.22249e+03
-2.36335e+04 3.22249e+03
-2.36185e+04 3.22250e+03
-2.36035e+04 3.22251e+03
-2.35885e+04 3.22252e+03
-2.35735e+04 3.22253e+03
-2.35585e+04 3.22254e+03
-2.35434e+04 3.22255e+03
-2.35284e+04 3.22256e+03
-2.35134e+04 3.22258e+03
-2.34984e+04 3.22259e+03
-2.34834e+04 3.22260e+03
-2.34683e+04 3.22261e+03
-2.34533e+04 3.22261e+03
-2.34383e+04 3.22260e+03
-2.34233e+04 3.22259e+03
-2.34083e+04 3.22258e+03
-2.33932e+04 3.22256e+03
-2.33782e+04 3.22255e+03
-2.33632e+04 3.22253e+03
-2.33482e+04 3.22254e+03
-2.33332e+04 3.22258e+03
-2.33182e+04 3.22261e+03
-2.33031e+04 3.22265e+03
-2.32881e+04 3.22270e+03
-2.32731e+04 3.22274e+03
-2.32581e+04 3.22278e+03
-2.32431e+04 3.22279e+03
-2.32280e+04 3.22278e+03
-2.32130e+04 3.22276e+03
-2.31980e+04 3.22275e+03
-2.31830e+04 3.22273e+03
-2.31680e+04 3.22272e+03
-2.31529e+04 3.22270e+03
-2.31379e+04 3.22271e+03
-2.31229e+04 3.22272e+03
-2.31079e+04 3.22272e+03
-2.30929e+04 3.22273e+03
-2.30779e+04 3.22274e+03
-2.30628e+04 3.22274e+03
-2.30478e+04 3.22275e+03
-2.30328e+04 3.22275e+03
-2.30178e+04 3.22275e+03
-2.30028e+04 3.22275e+03
-2.29877e+04 3.22275e+03
-2.29727e+04 3.22275e+03
-2.29577e+04 3.22275e+03
-2.29427e+04 3.22275e+03
-2.29277e+04 3.22275e+03
-2.29126e+04 3.22274e+03
-2.28976e+04 3.22274e+03
-2.28826e+04 3.22273e+03
-2.28676e+04 3.22273e+03
-2.28526e+04 3.22272e+03
-2.28375e+04 3.22272e+03
-2.28225e+04 3.22273e+03
-2.28075e+04 3.22274e+03
-2.27925e+04 3.22276e+03
-2.27775e+04 3.22277e+03
-2.27625e+04 3.22279e+03
-2.27474e+04 3.22281e+03
-2.27324e+04 3.22282e+03
-2.27174e+04 3.22283e+03
-2.27024e+04 3.22283e+03
-2.26874e+04 3.22284e+03
-2.26723e+04 3.22284e+03
-2.26573e+04 3.22284e+03
-2.26423e+04 3.22285e+03
-2.26273e+04 3.22285e+03
-2.26123e+04 3.22286e+03
-2.25972e+04 3.22287e+03
-2.25822e+04 3.22288e+03
-2.25672e+04 3.22289e+03
-2.25522e+04 3.22291e+03
-2.25372e+04 3.22291e+03
-2.25222e+04 3.22291e+03
-2.25071e+04 3.22290e+03
-2.24921e+04 3.22290e+03
-2.24771e+04 3.22290e+03
-2.24621e+04 3.22290e+03
-2.24471e+04 3.22290e+03
-2.24320e+04 3.22291e+03
-2.24170e+04 3.22292e+03
-2.24020e+04 3.22293e+03
-2.23870e+04 3.22294e+03
-2.23720e+04 3.22295e+03
-2.23569e+04 3.22296e+03
-2.23419e+04 3.22297e+03
-2.23269e+04 3.22297e+03
-2.23119e+04 3.22297e+03
-2.22969e+04 3.22297e+03
-2.22819e+04 3.22297e+03
-2.22668e+04 3.22297e+03
-2.22518e+04 3.22297e+03
-2.22368e+04 3.22298e+03
-2.22218e+04 3.22300e+03
-2.22068e+04 3.22302e+03
-2.21917e+04 3.22304e+03
-2.21767e+04 3.22306e+03
-2.21617e+04 3.22307e+03
-2.21467e+04 3.22309e+03
-2.21317e+04 3.22309e+03
-2.21166e+04 3.22309e+03
-2.21016e+04 3.22309e+03
-2.20866e+04 3.22309e+03
-2.20716e+04 3.22309e+03
-2.20566e+04 3.22309e+03
-2.20416e+04 3.22309e+03
-2.20265e+04 3.22311e+03
-2.20115e+04 3.22312e+03
-2.19965e+04 3.22313e+03
-2.19815e+04 3.22314e+03
-2.19665e+04 3.22315e+03
-2.19514e+04 3.22316e+03
-2.19364e+04 3.22316e+03
-2.19214e+04 3.22316e+03
-2.19064e+04 3.22316e+03
-2.18914e+04 3.22316e+03
-2.18763e+04 3.22316e+03
-2.18613e+04 3.22316e+03
-2.18463e+04 3.22315e+03
-2.18313e+04 3.22316e+03
-2.18163e+04 3.22318e+03
-2.18013e+04 3.22320e+03
-2.17862e+04 3.22322e+03
-2.17712e+04 3.22324e+03
-2.17562e+04 3.22326e+03
-2.17412e+04 3.22328e+03
-2.17262e+04 3.22329e+03
-2.17111e+04 3.22328e+03
-2.16961e+04 3.22328e+03
-2.16811e+04 3.22328e+03
-2.16661e+04 3.22327e+03
-2.16511e+04 3.22327e+03
-2.16360e+04 3.22327e+03
-2.16210e+04 3.22329e+03
-2.16060e+04 3.22331e+03
-2.15910e+04 3.22333e+03
-2.15760e+04 3.22334e+03
-2.15610e+04 3.22336e+03
-2.15459e+04 3.22338e+03
-2.15309e+04 3.22340e+03
-2.15159e+04 3.22342e+03
-2.15009e+04 3.22344e+03
-2.14859e+04 3.22346e+03
-2.14708e+04 3.22348e+03
-2.14558e+04 3.22350e+03
-2.14408e+04 3.22352e+03
-2.14258e+04 3.22354e+03
-2.14108e+04 3.22355e+03
-2.13957e+04 3.22357e+03
-2.13807e+04 3.22358e+03
-2.13657e+04 3.22360e+03
-2.13507e+04 3.22361e+03
-2.13357e+04 3.22362e+03
-2.13207e+04 3.22363e+03
-2.13056e+04 3.22364e+03
-2.12906e+04 3.22365e+03
-2.12756e+04 3.22366e+03
-2.12606e+04 3.22367e+03
-2.12456e+04 3.22369e+03
-2.12305e+04 3.22370e+03
-2.12155e+04 3.22370e+03
-2.12005e+04 3.22370e+03
-2.11855e+04 3.22369e+03
-2.11705e+04 3.22369e+03
-2.11554e+04 3.22369e+03
-2.11404e+04 3.22368e+03
-2.11254e+04 3.22369e+03
-2.11104e+04 3.22372e+03
-2.10954e+04 3.22375e+03
-2.10804e+04 3.22378e+03
-2.10653e+04 3.22382e+03
-2.10503e+04 3.22385e+03
-2.10353e+04 3.22389e+03
-2.10203e+04 3.22391e+03
-2.10053e+04 3.22393e+03
-2.09902e+04 3.22394e+03
-2.09752e+04 3.22396e+03
-2.09602e+04 3.22398e+03
-2.09452e+04 3.22399e+03
-2.09302e+04 3.22401e+03
-2.09151e+04 3.22402e+03
-2.09001e+04 3.22404e+03
-2.08851e+04 3.22405e+03
-2.08701e+04 3.22406e+03
-2.08551e+04 3.22408e+03
-2.08401e+04 3.22410e+03
-2.08250e+04 3.22411e+03
-2.08100e+04 3.22411e+03
-2.07950e+04 3.22410e+03
-2.07800e+04 3.22410e+03
-2.07650e+04 3.22409e+03
-2.07499e+04 3.22409e+03
-2.07349e+04 3.22408e+03
-2.07199e+04 3.22408e+03
-2.07049e+04 3.22411e+03
-2.06899e+04 3.22414e+03
-2.06748e+04 3.22417e+03
-2.06598e+04 3.22420e+03
-2.06448e+04 3.22422e+03
-2.06298e+04 3.22425e+03
-2.06148e+04 3.22426e+03
-2.05997e+04 3.22427e+03
-2.05847e+04 3.22427e+03
-2.05697e+04 3.22427e+03
-2.05547e+04 3.22428e+03
-2.05397e+04 3.22428e+03
-2.05247e+04 3.22428e+03
-2.05096e+04 3.22429e+03
-2.04946e+04 3.22429e+03
-2.04796e+04 3.22430e+03
-2.04646e+04 3.22430e+03
-2.04496e+04 3.22430e+03
-2.04345e+04 3.22430e+03
-2.04195e+04 3.22431e+03
-2.04045e+04 3.22434e+03
-2.03895e+04 3.22436e+03
-2.03745e+04 3.22439e+03
-2.03594e+04 3.22441e+03
-2.03444e+04 3.22444e+03
-2.03294e+04 3.22446e+03
-2.03144e+04 3.22447e+03
-2.02994e+04 3.22447e+03
-2.02844e+04 3.22446e+03
-2.02693e+04 3.22446e+03
-2.02543e+04 3.22446e+03
-2.02393e+04 3.22445e+03
-2.02243e+04 3.22445e+03
-2.02093e+04 3.22446e+03
-2.01942e+04 3.22446e+03
-2.01792e+04 3.22447e+03
-2.01642e+04 3.22447e+03
-2.01492e+04 3.22448e+03
-2.01342e+04 3.22449e+03
-2.01191e+04 3.22450e+03
-2.01041e+04 3.22451e+03
-2.00891e+04 3.22452e+03
-2.00741e+04 3.22453e+03
-2.00591e+04 3.22454e+03
-2.00441e+04 3.22456e+03
-2.00290e+04 3.22457e+03
-2.00140e+04 3.22458e+03
-1.99990e+04 3.22459e+03
-1.99840e+04 3.22459e+03
-1.99690e+04 3.22460e+03
-1.99539e+04 3.22460e+03
-1.99389e+04 3.22460e+03
-1.99239e+04 3.22460e+03
-1.99089e+04 3.22461e+03
-1.98939e+04 3.22462e+03
-1.98788e+04 3.22462e+03
-1.98638e+04 3.22463e+03
-1.98488e+04 3.22464e+03
-1.98338e+04 3.22466e+03
-1.98188e+04 3.22467e+03
-1.98038e+04 3.22468e+03
-1.97887e+04 3.22469e+03
-1.97737e+04 3.22469e+03
-1.97587e+04 3.22470e+03
-1.97437e+04 3.22471e+03
-1.97287e+04 3.22472e+03
-1.97136e+04 3.22472e+03
-1.96986e+04 3.22473e+03
-1.96836e+04 3.22473e+03
-1.96686e+04 3.22473e+03
-1.96536e+04 3.22473e+03
-1.96385e+04 3.22473e+03
-1.96235e+04 3.22473e+03
-1.96085e+04 3.22473e+03
-1.95935e+04 3.22474e+03
-1.95785e+04 3.22475e+03
-1.95635e+04 3.22476e+03
-1.95484e+04 3.22477e+03
-1.95334e+04 3.22478e+03
-1.95184e+04 3.22479e+03
-1.95034e+04 3.22479e+03
-1.94884e+04 3.22480e+03
-1.94733e+04 3.22481e+03
-1.94583e+04 3.22483e+03
-1.94433e+04 3.22484e+03
-1.94283e+04 3.22485e+03
-1.94133e+04 3.22486e+03
-1.93982e+04 3.22488e+03
-1.93832e+04 3.22491e+03
-1.93682e+04 3.22493e+03
-1.93532e+04 3.22495e+03
-1.93381e+04 3.22497e+03
-1.93231e+04 3.22499e+03
-1.93081e+04 3.22501e+03
-1.92931e+04 3.22501e+03
-1.92780e+04 3.22501e+03
-1.92630e+04 3.22501e+03
-1.92480e+04 3.22501e+03
-1.92330e+04 3.22501e+03
-1.92179e+04 3.22501e+03
-1.92029e+04 3.22502e+03
-1.91879e+04 3.22505e+03
-1.91729e+04 3.22507e+03
-1.91578e+04 3.22510e+03
-1.91428e+04 3.22513e+03
-1.91278e+04 3.22516e+03
-1.91128e+04 3.22519e+03
-1.90978e+04 3.22521e+03
-1.90827e+04 3.22520e+03
-1.90677e+04 3.22518e+03
-1.90527e+04 3.22517e+03
-1.90377e+04 3.22515e+03
-1.90226e+04 3.22514e+03
-1.90076e+04 3.22513e+03
-1.89926e+04 3.22513e+03
-1.89776e+04 3.22515e+03
-1.89625e+04 3.22516e+03
-1.89475e+04 3.22518e+03
-1.89325e+04 3.22520e+03
-1.89175e+04 3.22521e+03
-1.89024e+04 3.22523e+03
-1.88874e+04 3.22524e+03
-1.88724e+04 3.22525e+03
-1.88574e+04 3.22526e+03
-1.88423e+04 3.22526e+03
-1.88273e+04 3.22526e+03
-1.88123e+04 3.22526e+03
-1.87973e+04 3.22526e+03
-1.87822e+04 3.22527e+03
-1.87672e+04 3.22529e+03
-1.87522e+04 3.22532e+03
-1.87372e+04 3.22534e+03
-1.87222e+04 3.22536e+03
-1.87071e+04 3.22539e+03
-1.86921e+04 3.22541e+03
-1.86771e+04 3.22542e+03
-1.86621e+04 3.22543e+03
-1.86470e+04 3.22544e+03
-1.86320e+04 3.22545e+03
-1.86170e+04 3.22545e+03
-1.86020e+04 3.22545e+03
-1.85869e+04 3.22546e+03
-1.85719e+04 3.22549e+03
-1.85569e+04 3.22551e+03
-1.85419e+04 3.22554e+03
-1.85268e+04 3.22557e+03
-1.85118e+04 3.22560e+03
-1.84968e+04 3.22563e+03
-1.84818e+04 3.22565e+03
-1.84667e+04 3.22564e+03
-1.84517e+04 3.22563e+03
-1.84367e+04 3.22563e+03
-1.84217e+04 3.22562e+03
-1.84066e+04 3.22562e+03
-1.83916e+04 3.22562e+03
-1.83766e+04 3.22562e+03
-1.83616e+04 3.22563e+03
-1.83466e+04 3.22564e+03
-1.83315e+04 3.22564e+03
-1.83165e+04 3.22565e+03
-1.83015e+04 3.22565e+03
-1.82865e+04 3.22564e+03
-1.82714e+04 3.22565e+03
-1.82564e+04 3.22567e+03
-1.82414e+04 3.22570e+03
-1.82264e+04 3.22573e+03
-1.82113e+04 3.22575e+03
-1.81963e+04 3.22577e+03
-1.81813e+04 3.22580e+03
-1.81663e+04 3.22581e+03
-1.81512e+04 3.22581e+03
-1.81362e+04 3.22581e+03
-1.81212e+04 3.22581e+03
-1.81062e+04 3.22581e+03
-1.80911e+04 3.22581e+03
-1.80761e+04 3.22580e+03
-1.80611e+04 3.22580e+03
-1.80461e+04 3.22580e+03
-1.80310e+04 3.22580e+03
-1.80160e+04 3.22580e+03
-1.80010e+04 3.22580e+03
-1.79860e+04 3.22580e+03
-1.79710e+04 3.22581e+03
-1.79559e+04 3.22582e+03
-1.79409e+04 3.22584e+03
-1.79259e+04 3.22586e+03
-1.79109e+04 3.22588e+03
-1.78958e+04 3.22591e+03
-1.78808e+04 3.22593e+03
-1.78658e+04 3.22596e+03
-1.78508e+04 3.22596e+03
-1.78357e+04 3.22595e+03
-1.78207e+04 3.22594e+03
-1.78057e+04 3.22593e+03
-1.77907e+04 3.22593e+03
-1.77756e+04 3.22592e+03
-1.77606e+04 3.22591e+03
-1.77456e+04 3.22591e+03
-1.77306e+04 3.22592e+03
-1.77155e+04 3.22592e+03
-1.77005e+04 3.22592e+03
-1.76855e+04 3.22592e+03
-1.76705e+04 3.22592e+03
-1.76554e+04 3.22593e+03
-1.76404e+04 3.22595e+03
-1.76254e+04 3.22597e+03
-1.76104e+04 3.22600e+03
-1.75954e+04 3.22604e+03
-1.75803e+04 3.22608e+03
-1.75653e+04 3.22613e+03
-1.75503e+04 3.22614e+03
-1.75353e+04 3.22612e+03
-1.75202e+04 3.22608e+03
-1.75052e+04 3.22604e+03
-1.74902e+04 3.22600e+03
-1.74752e+04 3.22594e+03
-1.74601e+04 3.22589e+03
-1.74451e+04 3.22587e+03
-1.74301e+04 3.22589e+03
-1.74151e+04 3.22591e+03
-1.74000e+04 3.22593e+03
-1.73850e+04 3.22594e+03
-1.73700e+04 3.22596e+03
-1.73550e+04 3.22597e+03
-1.73399e+04 3.22597e+03
-1.73249e+04 3.22596e+03
-1.73099e+04 3.22596e+03
-1.72949e+04 3.22596e+03
-1.72798e+04 3.22596e+03
-1.72648e+04 3.22596e+03
-1.72498e+04 3.22596e+03
-1.72348e+04 3.22597e+03
-1.72198e+04 3.22598e+03
-1.72047e+04 3.22598e+03
-1.71897e+04 3.22599e+03
-1.71747e+04 3.22600e+03
-1.71597e+04 3.22601e+03
-1.71446e+04 3.22601e+03
-1.71296e+04 3.22602e+03
-1.71146e+04 3.22604e+03
-1.70996e+04 3.22605e+03
-1.70845e+04 3.22606e+03
-1.70695e+04 3.22608e+03
-1.70545e+04 3.22609e+03
-1.70395e+04 3.22610e+03
-1.70244e+04 3.22611e+03
-1.70094e+04 3.22612e+03
-1.69944e+04 3.22613e+03
-1.69794e+04 3.22614e+03
-1.69643e+04 3.22616e+03
-1.69493e+04 3.22617e+03
-1.69343e+04 3.22619e+03
-1.69193e+04 3.22621e+03
-1.69042e+04 3.22622e+03
-1.68892e+04 3.22623e+03
-1.68742e+04 3.22624e+03
-1.68592e+04 3.22624e+03
-1.68442e+04 3.22625e+03
-1.68291e+04 3.22626e+03
-1.68141e+04 3.22629e+03
-1.67991e+04 3.22631e+03
-1.67841e+04 3.22634e+03
-1.67690e+04 3.22637e+03
-1.67540e+04 3.22640e+03
-1.67390e+04 3.22644e+03
-1.67240e+04 3.22644e+03
-1.67089e+04 3.22643e+03
-1.66939e+04 3.22642e+03
-1.66789e+04 3.22640e+03
-1.66639e+04 3.22638e+03
-1.66488e+04 3.22636e+03
-1.66338e+04 3.22634e+03
-1.66188e+04 3.22633e+03
-1.66038e+04 3.22633e+03
-1.65887e+04 3.22633e+03
-1.65737e+04 3.22634e+03
-1.65587e+04 3.22635e+03
-1.65437e+04 3.22635e+03
-1.65286e+04 3.22636e+03
-1.65136e+04 3.22639e+03
-1.64986e+04 3.22642e+03
-1.64836e+04 3.22644e+03
-1.64686e+04 3.22647e+03
-1.64535e+04 3.22649e+03
-1.64385e+04 3.22651e+03
-1.64235e+04 3.22654e+03
-1.64085e+04 3.22652e+03
-1.63934e+04 3.22651e+03
-1.63784e+04 3.22649e+03
-1.63634e+04 3.22647e+03
-1.63484e+04 3.22645e+03
-1.63333e+04 3.22643e+03
-1.63183e+04 3.22642e+03
-1.63033e+04 3.22644e+03
-1.62883e+04 3.22645e+03
-1.62732e+04 3.22647e+03
-1.62582e+04 3.22650e+03
-1.62432e+04 3.22652e+03
-1.62282e+04 3.22655e+03
-1.62131e+04 3.22656e+03
-1.61981e+04 3.22654e+03
-1.61831e+04 3.22652e+03
-1.61681e+04 3.22651e+03
-1.61530e+04 3.22649e+03
-1.61380e+04 3.22648e+03
-1.61230e+04 3.22646e+03
-1.61080e+04 3.22646e+03
-1.60930e+04 3.22647e+03
-1.60779e+04 3.22647e+03
-1.60629e+04 3.22646e+03
-1.60479e+04 3.22645e+03
-1.60329e+04 3.22644e+03
-1.60178e+04 3.22642e+03
-1.60028e+04 3.22642e+03
-1.59878e+04 3.22645e+03
-1.59728e+04 3.22648e+03
-1.59577e+04 3.22651e+03
-1.59427e+04 3.22655e+03
-1.59277e+04 3.22659e+03
-1.59127e+04 3.22664e+03
-1.58976e+04 3.22663e+03
-1.58826e+04 3.22661e+03
-1.58676e+04 3.22658e+03
-1.58526e+04 3.22656e+03
-1.58375e+04 3.22654e+03
-1.58225e+04 3.22651e+03
-1.58075e+04 3.22649e+03
-1.57925e+04 3.22650e+03
-1.57775e+04 3.22651e+03
-1.57624e+04 3.22652e+03
-1.57474e+04 3.22653e+03
-1.57324e+04 3.22654e+03
-1.57174e+04 3.22656e+03
-1.57023e+04 3.22658e+03
-1.56873e+04 3.22658e+03
-1.56723e+04 3.22657e+03
-1.56573e+04 3.22657e+03
-1.56422e+04 3.22656e+03
-1.56272e+04 3.22655e+03
-1.56122e+04 3.22655e+03
-1.55972e+04 3.22654e+03
-1.55821e+04 3.22654e+03
-1.55671e+04 3.22654e+03
-1.55521e+04 3.22654e+03
-1.55371e+04 3.22654e+03
-1.55220e+04 3.22653e+03
-1.55070e+04 3.22652e+03
-1.54920e+04 3.22651e+03
-1.54770e+04 3.22650e+03
-1.54619e+04 3.22650e+03
-1.54469e+04 3.22649e+03
-1.54319e+04 3.22649e+03
-1.54169e+04 3.22649e+03
-1.54019e+04 3.22649e+03
-1.53868e+04 3.22650e+03
-1.53718e+04 3.22650e+03
-1.53568e+04 3.22651e+03
-1.53418e+04 3.22652e+03
-1.53267e+04 3.22653e+03
-1.53117e+04 3.22654e+03
-1.52967e+04 3.22654e+03
-1.52817e+04 3.22655e+03
-1.52666e+04 3.22655e+03
-1.52516e+04 3.22655e+03
-1.52366e+04 3.22656e+03
-1.52216e+04 3.22656e+03
-1.52065e+04 3.22657e+03
-1.51915e+04 3.22657e+03
-1.51765e+04 3.22658e+03
-1.51615e+04 3.22658e+03
-1.51464e+04 3.22658e+03
-1.51314e+04 3.22658e+03
-1.51164e+04 3.22658e+03
-1.51014e+04 3.22658e+03
-1.50863e+04 3.22658e+03
-1.50713e+04 3.22659e+03
-1.50563e+04 3.22660e+03
-1.50413e+04 3.22661e+03
-1.50263e+04 3.22662e+03
-1.50112e+04 3.22664e+03
-1.49962e+04 3.22666e+03
-1.49812e+04 3.22668e+03
-1.49662e+04 3.22667e+03
-1.49511e+04 3.22665e+03
-1.49361e+04 3.22663e+03
-1.49211e+04 3.22661e+03
-1.49061e+04 3.22659e+03
-1.48910e+04 3.22658e+03
-1.48760e+04 3.22657e+03
-1.48610e+04 3.22659e+03
-1.48460e+04 3.22661e+03
-1.48309e+04 3.22664e+03
-1.48159e+04 3.22666e+03
-1.48009e+04 3.22667e+03
-1.47859e+04 3.22669e+03
-1.47708e+04 3.22669e+03
-1.47558e+04 3.22668e+03
-1.47408e+04 3.22666e+03
-1.47258e+04 3.22665e+03
-1.47107e+04 3.22663e+03
-1.46957e+04 3.22662e+03
-1.46807e+04 3.22661e+03
-1.46657e+04 3.22661e+03
-1.46507e+04 3.22662e+03
-1.46356e+04 3.22662e+03
-1.46206e+04 3.22663e+03
-1.46056e+04 3.22664e+03
-1.45906e+04 3.22665e+03
-1.45755e+04 3.22666e+03
-1.45605e+04 3.22666e+03
-1.45455e+04 3.22666e+03
-1.45305e+04 3.22666e+03
-1.45154e+04 3.22666e+03
-1.45004e+04 3.22666e+03
-1.44854e+04 3.22666e+03
-1.44704e+04 3.22666e+03
-1.44553e+04 3.22667e+03
-1.44403e+04 3.22667e+03
-1.44253e+04 3.22668e+03
-1.44103e+04 3.22669e+03
-1.43952e+04 3.22669e+03
-1.43802e+04 3.22670e+03
-1.43652e+04 3.22670e+03
-1.43502e+04 3.22670e+03
-1.43351e+04 3.22669e+03
-1.43201e+04 3.22669e+03
-1.43051e+04 3.22668e+03
-1.42901e+04 3.22668e+03
-1.42751e+04 3.22667e+03
-1.42600e+04 3.22667e+03
-1.42450e+04 3.22668e+03
-1.42300e+04 3.22670e+03
-1.42150e+04 3.22671e+03
-1.41999e+04 3.22672e+03
-1.41849e+04 3.22672e+03
-1.41699e+04 3.22673e+03
-1.41549e+04 3.22673e+03
-1.41398e+04 3.22671e+03
-1.41248e+04 3.22670e+03
-1.41098e+04 3.22668e+03
-1.40948e+04 3.22667e+03
-1.40797e+04 3.22666e+03
-1.40647e+04 3.22665e+03
-1.40497e+04 3.22665e+03
-1.40347e+04 3.22669e+03
-1.40196e+04 3.22672e+03
-1.40046e+04 3.22675e+03
-1.39896e+04 3.22678e+03
-1.39746e+04 3.22681e+03
-1.39595e+04 3.22684e+03
-1.39445e+04 3.22685e+03
-1.39295e+04 3.22685e+03
-1.39145e+04 3.22684e+03
-1.38995e+04 3.22684e+03
-1.38844e+04 3.22684e+03
-1.38694e+04 3.22683e+03
-1.38544e+04 3.22683e+03
-1.38394e+04 3.22683e+03
-1.38243e+04 3.22685e+03
-1.38093e+04 3.22687e+03
-1.37943e+04 3.22688e+03
-1.37793e+04 3.22690e+03
-1.37642e+04 3.22692e+03
-1.37492e+04 3.22693e+03
-1.37342e+04 3.22694e+03
-1.37192e+04 3.22694e+03
-1.37041e+04 3.22694e+03
-1.36891e+04 3.22694e+03
-1.36741e+04 3.22694e+03
-1.36591e+04 3.22694e+03
-1.36440e+04 3.22694e+03
-1.36290e+04 3.22694e+03
-1.36140e+04 3.22695e+03
-1.35990e+04 3.22697e+03
-1.35839e+04 3.22698e+03
-1.35689e+04 3.22699e+03
-1.35539e+04 3.22701e+03
-1.35389e+04 3.22703e+03
-1.35239e+04 3.22704e+03
-1.35088e+04 3.22705e+03
-1.34938e+04 3.22707e+03
-1.34788e+04 3.22708e+03
-1.34638e+04 3.22709e+03
-1.34487e+04 3.22711e+03
-1.34337e+04 3.22712e+03
-1.34187e+04 3.22714e+03
-1.34037e+04 3.22716e+03
-1.33886e+04 3.22718e+03
-1.33736e+04 3.22720e+03
-1.33585e+04 3.22722e+03
-1.33435e+04 3.22725e+03
-1.33284e+04 3.22727e+03
-1.33134e+04 3.22727e+03
-1.32983e+04 3.22726e+03
-1.32833e+04 3.22725e+03
-1.32682e+04 3.22724e+03
-1.32532e+04 3.22723e+03
-1.32381e+04 3.22722e+03
-1.32231e+04 3.22722e+03
-1.32080e+04 3.22724e+03
-1.31930e+04 3.22727e+03
-1.31779e+04 3.22729e+03
-1.31629e+04 3.22732e+03
-1.31478e+04 3.22735e+03
-1.31328e+04 3.22738e+03
-1.31177e+04 3.22740e+03
-1.31027e+04 3.22740e+03
-1.30876e+04 3.22739e+03
-1.30726e+04 3.22738e+03
-1.30575e+04 3.22737e+03
-1.30425e+04 3.22736e+03
-1.30274e+04 3.22735e+03
-1.30124e+04 3.22734e+03
-1.29973e+04 3.22736e+03
-1.29823e+04 3.22739e+03
-1.29672e+04 3.22741e+03
-1.29522e+04 3.22744e+03
-1.29371e+04 3.22747e+03
-1.29221e+04 3.22750e+03
-1.29070e+04 3.22751e+03
-1.28920e+04 3.22750e+03
-1.28769e+04 3.22749e+03
-1.28619e+04 3.22748e+03
-1.28468e+04 3.22747e+03
-1.28318e+04 3.22746e+03
-1.28167e+04 3.22745e+03
-1.28017e+04 3.22745e+03
-1.27866e+04 3.22747e+03
-1.27716e+04 3.22748e+03
-1.27565e+04 3.22748e+03
-1.27415e+04 3.22749e+03
-1.27264e+04 3.22749e+03
-1.27114e+04 3.22748e+03
-1.26963e+04 3.22748e+03
-1.26813e+04 3.22749e+03
-1.26662e+04 3.22751e+03
-1.26512e+04 3.22752e+03
-1.26361e+04 3.22754e+03
-1.26211e+04 3.22756e+03
-1.26060e+04 3.22758e+03
-1.25910e+04 3.22759e+03
-1.25759e+04 3.22761e+03
-1.25609e+04 3.22764e+03
-1.25458e+04 3.22765e+03
-1.25308e+04 3.22767e+03
-1.25157e+04 3.22769e+03
-1.25007e+04 3.22770e+03
-1.24856e+04 3.22771e+03
-1.24706e+04 3.22772e+03
-1.24555e+04 3.22772e+03
-1.24405e+04 3.22773e+03
-1.24254e+04 3.22774e+03
-1.24104e+04 3.22775e+03
-1.23953e+04 3.22777e+03
-1.23803e+04 3.22779e+03
-1.23653e+04 3.22781e+03
-1.23502e+04 3.22784e+03
-1.23352e+04 3.22786e+03
-1.23201e+04 3.22789e+03
-1.23051e+04 3.22792e+03
-1.22900e+04 3.22794e+03
-1.22750e+04 3.22794e+03
-1.22599e+04 3.22793e+03
-1.22449e+04 3.22792e+03
-1.22298e+04 3.22790e+03
-1.22148e+04 3.22788e+03
-1.21997e+04 3.22787e+03
-1.21847e+04 3.22785e+03
-1.21696e+04 3.22787e+03
-1.21546e+04 3.22790e+03
-1.21395e+04 3.22793e+03
-1.21245e+04 3.22796e+03
-1.21094e+04 3.22799e+03
-1.20944e+04 3.22802e+03
-1.20793e+04 3.22806e+03
-1.20643e+04 3.22807e+03
-1.20492e+04 3.22808e+03
-1.20342e+04 3.22809e+03
-1.20191e+04 3.22809e+03
-1.20041e+04 3.22809e+03
-1.19890e+04 3.22810e+03
-1.19740e+04 3.22810e+03
-1.19589e+04 3.22809e+03
-1.19439e+04 3.22809e+03
-1.19288e+04 3.22809e+03
-1.19138e+04 3.22809e+03
-1.18987e+04 3.22809e+03
-1.18837e+04 3.22809e+03
-1.18686e+04 3.22809e+03
-1.18536e+04 3.22811e+03
-1.18385e+04 3.22814e+03
-1.18235e+04 3.22817e+03
-1.18084e+04 3.22819e+03
-1.17934e+04 3.22821e+03
-1.17783e+04 3.22824e+03
-1.17633e+04 3.22826e+03
-1.17482e+04 3.22826e+03
-1.17332e+04 3.22826e+03
-1.17181e+04 3.22825e+03
-1.17031e+04 3.22824e+03
-1.16880e+04 3.22823e+03
-1.16730e+04 3.22822e+03
-1.16579e+04 3.22820e+03
-1.16429e+04 3.22822e+03
-1.16278e+04 3.22823e+03
-1.16128e+04 3.22825e+03
-1.15977e+04 3.22827e+03
-1.15827e+04 3.22829e+03
-1.15676e+04 3.22832e+03
-1.15526e+04 3.22834e+03
-1.15375e+04 3.22835e+03
-1.15225e+04 3.22837e+03
-1.15074e+04 3.22838e+03
-1.14924e+04 3.22840e+03
-1.14773e+04 3.22841e+03
-1.14623e+04 3.22842e+03
-1.14472e+04 3.22843e+03
-1.14322e+04 3.22844e+03
-1.14171e+04 3.22845e+03
-1.14021e+04 3.22846e+03
-1.13870e+04 3.22847e+03
-1.13720e+04 3.22847e+03
-1.13569e+04 3.22848e+03
-1.13419e+04 3.22848e+03
-1.13268e+04 3.22849e+03
-1.13118e+04 3.22850e+03
-1.12967e+04 3.22851e+03
-1.12817e+04 3.22853e+03
-1.12666e+04 3.22855e+03
-1.12516e+04 3.22857e+03
-1.12365e+04 3.22859e+03
-1.12215e+04 3.22859e+03
-1.12064e+04 3.22860e+03
-1.11914e+04 3.22860e+03
-1.11763e+04 3.22860e+03
-1.11613e+04 3.22860e+03
-1.11462e+04 3.22860e+03
-1.11312e+04 3.22860e+03
-1.11161e+04 3.22863e+03
-1.11011e+04 3.22865e+03
-1.10861e+04 3.22867e+03
-1.10710e+04 3.22869e+03
-1.10560e+04 3.22871e+03
-1.10409e+04 3.22874e+03
-1.10259e+04 3.22875e+03
-1.10108e+04 3.22876e+03
-1.09958e+04 3.22878e+03
-1.09807e+04 3.22879e+03
-1.09657e+04 3.22880e+03
-1.09506e+04 3.22882e+03
-1.09356e+04 3.22884e+03
-1.09205e+04 3.22885e+03
-1.09055e+04 3.22887e+03
-1.08904e+04 3.22888e+03
-1.08754e+04 3.22890e+03
-1.08603e+04 3.22892e+03
-1.08453e+04 3.22893e+03
-1.08302e+04 3.22894e+03
-1.08152e+04 3.22894e+03
-1.08001e+04 3.22894e+03
-1.07851e+04 3.22893e+03
-1.07700e+04 3.22893e+03
-1.07550e+04 3.22893e+03
-1.07399e+04 3.22894e+03
-1.07249e+04 3.22895e+03
-1.07098e+04 3.22898e+03
-1.06948e+04 3.22901e+03
-1.06797e+04 3.22903e+03
-1.06647e+04 3.22905e+03
-1.06496e+04 3.22906e+03
-1.06346e+04 3.22907e+03
-1.06195e+04 3.22908e+03
-1.06045e+04 3.22908e+03
-1.05894e+04 3.22908e+03
-1.05744e+04 3.22908e+03
-1.05593e+04 3.22908e+03
-1.05443e+04 3.22909e+03
-1.05292e+04 3.22910e+03
-1.05142e+04 3.22912e+03
-1.04991e+04 3.22913e+03
-1.04841e+04 3.22913e+03
-1.04690e+04 3.22914e+03
-1.04540e+04 3.22915e+03
-1.04389e+04 3.22916e+03
-1.04239e+04 3.22917e+03
-1.04088e+04 3.22918e+03
-1.03938e+04 3.22922e+03
-1.03787e+04 3.22926e+03
-1.03636e+04 3.22930e+03
-1.03486e+04 3.22933e+03
-1.03335e+04 3.22937e+03
-1.03184e+04 3.22940e+03
-1.03034e+04 3.22943e+03
-1.02883e+04 3.22943e+03
-1.02733e+04 3.22944e+03
-1.02582e+04 3.22945e+03
-1.02431e+04 3.22946e+03
-1.02281e+04 3.22948e+03
-1.02130e+04 3.22950e+03
-1.01979e+04 3.22952e+03
-1.01829e+04 3.22953e+03
-1.01678e+04 3.22952e+03
-1.01528e+04 3.22950e+03
-1.01377e+04 3.22948e+03
-1.01226e+04 3.22946e+03
-1.01076e+04 3.22944e+03
-1.00925e+04 3.22943e+03
-1.00774e+04 3.22944e+03
-1.00624e+04 3.22946e+03
-1.00473e+04 3.22948e+03
-1.00323e+04 3.22950e+03
-1.00172e+04 3.22952e+03
-1.00021e+04 3.22955e+03
-9.98706e+03 3.22957e+03
-9.97200e+03 3.22961e+03
-9.95694e+03 3.22964e+03
-9.94187e+03 3.22967e+03
-9.92681e+03 3.22970e+03
-9.91175e+03 3.22973e+03
-9.89668e+03 3.22976e+03
-9.88162e+03 3.22979e+03
-9.86656e+03 3.22978e+03
-9.85150e+03 3.22977e+03
-9.83643e+03 3.22976e+03
-9.82137e+03 3.22975e+03
-9.80631e+03 3.22974e+03
-9.79124e+03 3.22973e+03
-9.77618e+03 3.22972e+03
-9.76112e+03 3.22975e+03
-9.74605e+03 3.22978e+03
-9.73099e+03 3.22981e+03
-9.71593e+03 3.22983e+03
-9.70087e+03 3.22986e+03
-9.68580e+03 3.22988e+03
-9.67074e+03 3.22990e+03
-9.65568e+03 3.22990e+03
-9.64061e+03 3.22991e+03
-9.62555e+03 3.22991e+03
-9.61049e+03 3.22991e+03
-9.59542e+03 3.22992e+03
-9.58036e+03 3.22992e+03
-9.56530e+03 3.22992e+03
-9.55024e+03 3.22994e+03
-9.53517e+03 3.22996e+03
-9.52011e+03 3.22998e+03
-9.50505e+03 3.23001e+03
-9.48998e+03 3.23003e+03
-9.47492e+03 3.23007e+03
-9.45986e+03 3.23011e+03
-9.44479e+03 3.23012e+03
-9.42973e+03 3.23012e+03
-9.41467e+03 3.23011e+03
-9.39961e+03 3.23011e+03
-9.38454e+03 3.23010e+03
-9.36948e+03 3.23009e+03
-9.35442e+03 3.23007e+03
-9.33935e+03 3.23007e+03
-9.32429e+03 3.23008e+03
-9.30923e+03 3.23009e+03
-9.29416e+03 3.23011e+03
-9.27910e+03 3.23013e+03
-9.26404e+03 3.23015e+03
-9.24898e+03 3.23017e+03
-9.23391e+03 3.23018e+03
-9.21885e+03 3.23019e+03
-9.20379e+03 3.23019e+03
-9.18872e+03 3.23019e+03
-9.17366e+03 3.23019e+03
-9.15860e+03 3.23018e+03
-9.14353e+03 3.23018e+03
-9.12847e+03 3.23021e+03
-9.11341e+03 3.23024e+03
-9.09835e+03 3.23027e+03
-9.08328e+03 3.23031e+03
-9.06822e+03 3.23034e+03
-9.05316e+03 3.23038e+03
-9.03809e+03 3.23041e+03
-9.02303e+03 3.23042e+03
-9.00797e+03 3.23042e+03
-8.99291e+03 3.23043e+03
-8.97784e+03 3.23043e+03
-8.96278e+03 3.23044e+03
-8.94772e+03 3.23044e+03
-8.93265e+03 3.23045e+03
-8.91759e+03 3.23046e+03
-8.90253e+03 3.23048e+03
-8.88746e+03 3.23049e+03
-8.87240e+03 3.23050e+03
-8.85734e+03 3.23050e+03
-8.84228e+03 3.23051e+03
-8.82721e+03 3.23052e+03
-8.81215e+03 3.23054e+03
-8.79709e+03 3.23056e+03
-8.78202e+03 3.23058e+03
-8.76696e+03 3.23060e+03
-8.75190e+03 3.23062e+03
-8.73683e+03 3.23064e+03
-8.72177e+03 3.23065e+03
-8.70671e+03 3.23068e+03
-8.69165e+03 3.23070e+03
-8.67658e+03 3.23073e+03
-8.66152e+03 3.23076e+03
-8.64646e+03 3.23080e+03
-8.63139e+03 3.23083e+03
-8.61633e+03 3.23087e+03
-8.60127e+03 3.23086e+03
-8.58620e+03 3.23084e+03
-8.57114e+03 3.23082e+03
-8.55608e+03 3.23079e+03
-8.54102e+03 3.23076e+03
-8.52595e+03 3.23074e+03
-8.51089e+03 3.23072e+03
-8.49583e+03 3.23074e+03
-8.48076e+03 3.23077e+03
-8.46570e+03 3.23079e+03
-8.45064e+03 3.23080e+03
-8.43557e+03 3.23082e+03
-8.42051e+03 3.23083e+03
-8.40545e+03 3.23083e+03
-8.39039e+03 3.23084e+03
-8.37532e+03 3.23085e+03
-8.36026e+03 3.23086e+03
-8.34520e+03 3.23087e+03
-8.33013e+03 3.23089e+03
-8.31507e+03 3.23091e+03
-8.30001e+03 3.23094e+03
-8.28494e+03 3.23096e+03
-8.26988e+03 3.23099e+03
-8.25482e+03 3.23101e+03
-8.23976e+03 3.23104e+03
-8.22469e+03 3.23106e+03
-8.20963e+03 3.23108e+03
-8.19457e+03 3.23109e+03
-8.17950e+03 3.23108e+03
-8.16444e+03 3.23107e+03
-8.14938e+03 3.23106e+03
-8.13431e+03 3.23106e+03
-8.11925e+03 3.23106e+03
-8.10419e+03 3.23107e+03
-8.08913e+03 3.23108e+03
-8.07406e+03 3.23111e+03
-8.05900e+03 3.23113e+03
-8.04394e+03 3.23116e+03
-8.02887e+03 3.23117e+03
-8.01381e+03 3.23119e+03
-7.99875e+03 3.23119e+03
-7.98368e+03 3.23120e+03
-7.96862e+03 3.23119e+03
-7.95356e+03 3.23119e+03
-7.93850e+03 3.23119e+03
-7.92343e+03 3.23119e+03
-7.90837e+03 3.23119e+03
-7.89331e+03 3.23120e+03
-7.87824e+03 3.23120e+03
-7.86318e+03 3.23120e+03
-7.84812e+03 3.23120e+03
-7.83305e+03 3.23120e+03
-7.81799e+03 3.23120e+03
-7.80293e+03 3.23120e+03
-7.78787e+03 3.23120e+03
-7.77280e+03 3.23120e+03
-7.75774e+03 3.23120e+03
-7.74268e+03 3.23121e+03
-7.72761e+03 3.23121e+03
-7.71255e+03 3.23122e+03
-7.69749e+03 3.23122e+03
-7.68242e+03 3.23122e+03
-7.66736e+03 3.23122e+03
-7.65230e+03 3.23125e+03
-7.63724e+03 3.23128e+03
-7.62217e+03 3.23131e+03
-7.60711e+03 3.23134e+03
-7.59205e+03 3.23138e+03
-7.57698e+03 3.23141e+03
-7.56192e+03 3.23145e+03
-7.54686e+03 3.23145e+03
-7.53179e+03 3.23145e+03
-7.51673e+03 3.23145e+03
-7.50167e+03 3.23144e+03
-7.48661e+03 3.23143e+03
-7.47154e+03 3.23142e+03
-7.45648e+03 3.23140e+03
-7.44142e+03 3.23140e+03
-7.42635e+03 3.23139e+03
-7.41122e+03 3.23139e+03
-7.39609e+03 3.23139e+03
-7.38096e+03 3.23139e+03
-7.36583e+03 3.23140e+03
-7.35069e+03 3.23141e+03
-7.33556e+03 3.23142e+03
-7.32043e+03 3.23143e+03
-7.30530e+03 3.23144e+03
-7.29017e+03 3.23146e+03
-7.27503e+03 3.23147e+03
-7.25990e+03 3.23148e+03
-7.24477e+03 3.23150e+03
-7.22964e+03 3.23153e+03
-7.21451e+03 3.23156e+03
-7.19937e+03 3.23158e+03
-7.18424e+03 3.23161e+03
-7.16911e+03 3.23163e+03
-7.15398e+03 3.23164e+03
-7.13885e+03 3.23166e+03
-7.12371e+03 3.23165e+03
-7.10858e+03 3.23164e+03
-7.09345e+03 3.23162e+03
-7.07832e+03 3.23161e+03
-7.06319e+03 3.23161e+03
-7.04805e+03 3.23160e+03
-7.03292e+03 3.23159e+03
-7.01779e+03 3.23159e+03
-7.00266e+03 3.23159e+03
-6.98753e+03 3.23159e+03
-6.97239e+03 3.23160e+03
-6.95726e+03 3.23161e+03
-6.94213e+03 3.23162e+03
-6.92700e+03 3.23163e+03
-6.91187e+03 3.23166e+03
-6.89673e+03 3.23170e+03
-6.88160e+03 3.23174e+03
-6.86647e+03 3.23177e+03
-6.85134e+03 3.23181e+03
-6.83621e+03 3.23185e+03
-6.82107e+03 3.23188e+03
-6.80594e+03 3.23190e+03
-6.79081e+03 3.23190e+03
-6.77568e+03 3.23191e+03
-6.76055e+03 3.23191e+03
-6.74541e+03 3.23192e+03
-6.73028e+03 3.23192e+03
-6.71515e+03 3.23192e+03
-6.70002e+03 3.23193e+03
-6.68489e+03 3.23193e+03
-6.66975e+03 3.23194e+03
-6.65462e+03 3.23195e+03
-6.63949e+03 3.23197e+03
-6.62436e+03 3.23199e+03
-6.60923e+03 3.23201e+03
-6.59409e+03 3.23199e+03
-6.57896e+03 3.23196e+03
-6.56383e+03 3.23195e+03
-6.54870e+03 3.23194e+03
-6.53357e+03 3.23193e+03
-6.51843e+03 3.23193e+03
-6.50330e+03 3.23193e+03
-6.48817e+03 3.23198e+03
-6.47304e+03 3.23204e+03
-6.45791e+03 3.23209e+03
-6.44277e+03 3.23214e+03
-6.42764e+03 3.23218e+03
-6.41251e+03 3.23222e+03
-6.39738e+03 3.23225e+03
-6.38225e+03 3.23224e+03
-6.36711e+03 3.23221e+03
-6.35198e+03 3.23218e+03
-6.33685e+03 3.23216e+03
-6.32172e+03 3.23214e+03
-6.30659e+03 3.23214e+03
-6.29145e+03 3.23214e+03
-6.27632e+03 3.23215e+03
-6.26119e+03 3.23216e+03
-6.24606e+03 3.23216e+03
-6.23093e+03 3.23216e+03
-6.21579e+03 3.23216e+03
-6.20066e+03 3.23214e+03
-6.18553e+03 3.23213e+03
-6.17040e+03 3.23215e+03
-6.15527e+03 3.23217e+03
-6.14013e+03 3.23220e+03
-6.12500e+03 3.23223e+03
-6.10987e+03 3.23226e+03
-6.09474e+03 3.23229e+03
-6.07961e+03 3.23233e+03
-6.06447e+03 3.23230e+03
-6.04934e+03 3.23227e+03
-6.03421e+03 3.23224e+03
-6.01908e+03 3.23222e+03
-6.00395e+03 3.23221e+03
-5.98881e+03 3.23220e+03
-5.97368e+03 3.23220e+03
-5.95855e+03 3.23222e+03
-5.94342e+03 3.23224e+03
-5.92829e+03 3.23226e+03
-5.91315e+03 3.23227e+03
-5.89809e+03 3.23228e+03
-5.88302e+03 3.23228e+03
-5.86796e+03 3.23228e+03
-5.85289e+03 3.23228e+03
-5.83783e+03 3.23229e+03
-5.82276e+03 3.23230e+03
-5.80769e+03 3.23231e+03
-5.79263e+03 3.23233e+03
-5.77756e+03 3.23234e+03
-5.76250e+03 3.23236e+03
-5.74743e+03 3.23235e+03
-5.73237e+03 3.23234e+03
-5.71730e+03 3.23231e+03
-5.70223e+03 3.23228e+03
-5.68717e+03 3.23224e+03
-5.67210e+03 3.23220e+03
-5.65704e+03 3.23215e+03
-5.64197e+03 3.23212e+03
-5.62691e+03 3.23212e+03
-5.61184e+03 3.23213e+03
-5.59677e+03 3.23214e+03
-5.58171e+03 3.23216e+03
-5.56664e+03 3.23218e+03
-5.55158e+03 3.23220e+03
-5.53651e+03 3.23223e+03
-5.52145e+03 3.23224e+03
-5.50638e+03 3.23227e+03
-5.49131e+03 3.23229e+03
-5.47625e+03 3.23231e+03
-5.46118e+03 3.23232e+03
-5.44612e+03 3.23233e+03
-5.43105e+03 3.23233e+03
-5.41599e+03 3.23233e+03
-5.40092e+03 3.23233e+03
-5.38585e+03 3.23233e+03
-5.37079e+03 3.23232e+03
-5.35572e+03 3.23232e+03
-5.34066e+03 3.23232e+03
-5.32559e+03 3.23231e+03
-5.31053e+03 3.23231e+03
-5.29546e+03 3.23232e+03
-5.28040e+03 3.23233e+03
-5.26533e+03 3.23234e+03
-5.25026e+03 3.23235e+03
-5.23520e+03 3.23237e+03
-5.22013e+03 3.23239e+03
-5.20507e+03 3.23241e+03
-5.19000e+03 3.23242e+03
-5.17494e+03 3.23244e+03
-5.15987e+03 3.23246e+03
-5.14480e+03 3.23248e+03
-5.12974e+03 3.23250e+03
-5.11467e+03 3.23252e+03
-5.09961e+03 3.23253e+03
-5.08454e+03 3.23254e+03
-5.06948e+03 3.23255e+03
-5.05441e+03 3.23256e+03
-5.03934e+03 3.23257e+03
-5.02428e+03 3.23259e+03
-5.00921e+03 3.23261e+03
-4.99415e+03 3.23261e+03
-4.97908e+03 3.23261e+03
-4.96402e+03 3.23260e+03
-4.94895e+03 3.23259e+03
-4.93388e+03 3.23257e+03
-4.91882e+03 3.23256e+03
-4.90375e+03 3.23255e+03
-4.88869e+03 3.23257e+03
-4.87362e+03 3.23259e+03
-4.85856e+03 3.23261e+03
-4.84349e+03 3.23263e+03
-4.82842e+03 3.23265e+03
-4.81336e+03 3.23267e+03
-4.79829e+03 3.23269e+03
-4.78323e+03 3.23270e+03
-4.76816e+03 3.23271e+03
-4.75310e+03 3.23272e+03
-4.73803e+03 3.23274e+03
-4.72297e+03 3.23277e+03
-4.70790e+03 3.23279e+03
-4.69283e+03 3.23282e+03
-4.67777e+03 3.23284e+03
-4.66270e+03 3.23283e+03
-4.64764e+03 3.23282e+03
-4.63257e+03 3.23281e+03
-4.61751e+03 3.23280e+03
-4.60244e+03 3.23279e+03
-4.58737e+03 3.23278e+03
-4.57231e+03 3.23277e+03
-4.55724e+03 3.23278e+03
-4.54218e+03 3.23278e+03
-4.52711e+03 3.23279e+03
-4.51205e+03 3.23281e+03
-4.49698e+03 3.23282e+03
-4.48191e+03 3.23284e+03
-4.46685e+03 3.23286e+03
-4.45178e+03 3.23287e+03
-4.43672e+03 3.23288e+03
-4.42165e+03 3.23288e+03
-4.40659e+03 3.23288e+03
-4.39151e+03 3.23287e+03
-4.37643e+03 3.23287e+03
-4.36135e+03 3.23287e+03
-4.34627e+03 3.23288e+03
-4.33119e+03 3.23289e+03
-4.31611e+03 3.23291e+03
-4.30103e+03 3.23293e+03
-4.28595e+03 3.23295e+03
-4.27088e+03 3.23297e+03
-4.25580e+03 3.23299e+03
-4.24072e+03 3.23301e+03
-4.22564e+03 3.23302e+03
-4.21056e+03 3.23303e+03
-4.19548e+03 3.23304e+03
-4.18040e+03 3.23304e+03
-4.16532e+03 3.23305e+03
-4.15024e+03 3.23305e+03
-4.13517e+03 3.23305e+03
-4.12009e+03 3.23303e+03
-4.10501e+03 3.23301e+03
-4.08993e+03 3.23299e+03
-4.07485e+03 3.23298e+03
-4.05977e+03 3.23296e+03
-4.04469e+03 3.23295e+03
-4.02961e+03 3.23294e+03
-4.01453e+03 3.23295e+03
-3.99946e+03 3.23295e+03
-3.98438e+03 3.23296e+03
-3.96930e+03 3.23297e+03
-3.95422e+03 3.23298e+03
-3.93914e+03 3.23299e+03
-3.92406e+03 3.23300e+03
-3.90898e+03 3.23301e+03
-3.89390e+03 3.23302e+03
-3.87882e+03 3.23303e+03
-3.86375e+03 3.23304e+03
-3.84867e+03 3.23305e+03
-3.83359e+03 3.23306e+03
-3.81851e+03 3.23307e+03
-3.80343e+03 3.23309e+03
-3.78835e+03 3.23311e+03
-3.77327e+03 3.23313e+03
-3.75819e+03 3.23315e+03
-3.74311e+03 3.23316e+03
-3.72803e+03 3.23317e+03
-3.71296e+03 3.23318e+03
-3.69788e+03 3.23317e+03
-3.68280e+03 3.23316e+03
-3.66772e+03 3.23315e+03
-3.65264e+03 3.23315e+03
-3.63756e+03 3.23315e+03
-3.62248e+03 3.23315e+03
-3.60740e+03 3.23316e+03
-3.59232e+03 3.23316e+03
-3.57725e+03 3.23315e+03
-3.56217e+03 3.23314e+03
-3.54709e+03 3.23313e+03
-3.53201e+03 3.23313e+03
-3.51693e+03 3.23312e+03
-3.50185e+03 3.23312e+03
-3.48677e+03 3.23311e+03
-3.47169e+03 3.23310e+03
-3.45661e+03 3.23310e+03
-3.44154e+03 3.23310e+03
-3.42646e+03 3.23310e+03
-3.41138e+03 3.23311e+03
-3.39630e+03 3.23312e+03
-3.38127e+03 3.23313e+03
-3.36623e+03 3.23312e+03
-3.35120e+03 3.23312e+03
-3.33616e+03 3.23310e+03
-3.32113e+03 3.23308e+03
-3.30610e+03 3.23307e+03
-3.29106e+03 3.23305e+03
-3.27603e+03 3.23306e+03
-3.26100e+03 3.23309e+03
-3.24596e+03 3.23311e+03
-3.23093e+03 3.23312e+03
-3.21589e+03 3.23313e+03
-3.20086e+03 3.23313e+03
-3.18583e+03 3.23312e+03
-3.17079e+03 3.23312e+03
-3.15576e+03 3.23312e+03
-3.14073e+03 3.23313e+03
-3.12569e+03 3.23314e+03
-3.11066e+03 3.23316e+03
-3.09562e+03 3.23319e+03
-3.08059e+03 3.23321e+03
-3.06556e+03 3.23325e+03
-3.05052e+03 3.23323e+03
-3.03549e+03 3.23322e+03
-3.02046e+03 3.23321e+03
-3.00542e+03 3.23319e+03
-2.99039e+03 3.23318e+03
-2.97535e+03 3.23318e+03
-2.96032e+03 3.23317e+03
-2.94529e+03 3.23317e+03
-2.93025e+03 3.23318e+03
-2.91522e+03 3.23318e+03
-2.90019e+03 3.23318e+03
-2.88515e+03 3.23318e+03
-2.87004e+03 3.23318e+03
-2.85492e+03 3.23317e+03
-2.83980e+03 3.23318e+03
-2.82469e+03 3.23321e+03
-2.80957e+03 3.23324e+03
-2.79445e+03 3.23326e+03
-2.77934e+03 3.23329e+03
-2.76422e+03 3.23331e+03
-2.74911e+03 3.23333e+03
-2.73399e+03 3.23335e+03
-2.71887e+03 3.23338e+03
-2.70376e+03 3.23342e+03
-2.68864e+03 3.23346e+03
-2.67352e+03 3.23351e+03
-2.65841e+03 3.23356e+03
-2.64329e+03 3.23362e+03
-2.62817e+03 3.23368e+03
-2.61306e+03 3.23366e+03
-2.59794e+03 3.23363e+03
-2.58283e+03 3.23359e+03
-2.56771e+03 3.23353e+03
-2.55259e+03 3.23347e+03
-2.53748e+03 3.23341e+03
-2.52236e+03 3.23336e+03
-2.50724e+03 3.23337e+03
-2.49213e+03 3.23340e+03
-2.47701e+03 3.23343e+03
-2.46190e+03 3.23346e+03
-2.44678e+03 3.23349e+03
-2.43166e+03 3.23352e+03
-2.41655e+03 3.23355e+03
-2.40143e+03 3.23356e+03
-2.38635e+03 3.23356e+03
-2.37126e+03 3.23355e+03
-2.35618e+03 3.23355e+03
-2.34110e+03 3.23355e+03
-2.32601e+03 3.23355e+03
-2.31093e+03 3.23355e+03
-2.29584e+03 3.23355e+03
-2.28076e+03 3.23355e+03
-2.26568e+03 3.23354e+03
-2.25059e+03 3.23353e+03
-2.23551e+03 3.23352e+03
-2.22042e+03 3.23350e+03
-2.20534e+03 3.23349e+03
-2.19026e+03 3.23347e+03
-2.17517e+03 3.23346e+03
-2.16009e+03 3.23344e+03
-2.14501e+03 3.23343e+03
-2.12992e+03 3.23342e+03
-2.11484e+03 3.23341e+03
-2.09975e+03 3.23340e+03
-2.08467e+03 3.23339e+03
-2.06959e+03 3.23338e+03
-2.05450e+03 3.23338e+03
-2.03942e+03 3.23339e+03
-2.02433e+03 3.23340e+03
-2.00925e+03 3.23341e+03
-1.99417e+03 3.23343e+03
-1.97908e+03 3.23345e+03
-1.96400e+03 3.23348e+03
-1.94892e+03 3.23350e+03
-1.93383e+03 3.23352e+03
-1.91875e+03 3.23354e+03
-1.90366e+03 3.23355e+03
-1.88853e+03 3.23355e+03
-1.87339e+03 3.23356e+03
-1.85826e+03 3.23357e+03
-1.84313e+03 3.23358e+03
-1.82799e+03 3.23360e+03
-1.81286e+03 3.23361e+03
-1.79772e+03 3.23363e+03
-1.78259e+03 3.23365e+03
-1.76745e+03 3.23366e+03
-1.75232e+03 3.23367e+03
-1.73719e+03 3.23365e+03
-1.72205e+03 3.23363e+03
-1.70692e+03 3.23363e+03
-1.69178e+03 3.23363e+03
-1.67665e+03 3.23364e+03
-1.66151e+03 3.23366e+03
-1.64638e+03 3.23369e+03
-1.63124e+03 3.23372e+03
-1.61611e+03 3.23374e+03
-1.60098e+03 3.23376e+03
-1.58584e+03 3.23376e+03
-1.57071e+03 3.23377e+03
-1.55557e+03 3.23376e+03
-1.54044e+03 3.23375e+03
-1.52530e+03 3.23374e+03
-1.51017e+03 3.23374e+03
-1.49503e+03 3.23373e+03
-1.47990e+03 3.23372e+03
-1.46477e+03 3.23371e+03
-1.44963e+03 3.23370e+03
-1.43450e+03 3.23369e+03
-1.41936e+03 3.23368e+03
-1.40423e+03 3.23367e+03
-1.38907e+03 3.23366e+03
-1.37391e+03 3.23365e+03
-1.35874e+03 3.23364e+03
-1.34358e+03 3.23364e+03
-1.32842e+03 3.23363e+03
-1.31326e+03 3.23363e+03
-1.29810e+03 3.23363e+03
-1.28294e+03 3.23363e+03
-1.26778e+03 3.23363e+03
-1.25262e+03 3.23363e+03
-1.23746e+03 3.23364e+03
-1.22230e+03 3.23365e+03
-1.20714e+03 3.23366e+03
-1.19197e+03 3.23366e+03
-1.17681e+03 3.23367e+03
-1.16165e+03 3.23367e+03
-1.14649e+03 3.23367e+03
-1.13133e+03 3.23366e+03
-1.11617e+03 3.23366e+03
-1.10101e+03 3.23365e+03
-1.08585e+03 3.23363e+03
-1.07069e+03 3.23360e+03
-1.05553e+03 3.23357e+03
-1.04037e+03 3.23353e+03
-1.02520e+03 3.23350e+03
-1.01004e+03 3.23346e+03
-9.94882e+02 3.23342e+03
-9.79721e+02 3.23342e+03
-9.64561e+02 3.23342e+03
-9.49400e+02 3.23343e+03
-9.34239e+02 3.23344e+03
-9.19078e+02 3.23346e+03
-9.03917e+02 3.23348e+03
-8.88821e+02 3.23350e+03
-8.73725e+02 3.23352e+03
-8.58629e+02 3.23355e+03
-8.43533e+02 3.23356e+03
-8.28437e+02 3.23358e+03
-8.13342e+02 3.23359e+03
-7.98246e+02 3.23360e+03
-7.83150e+02 3.23360e+03
-7.68054e+02 3.23360e+03
-7.52958e+02 3.23360e+03
-7.37862e+02 3.23360e+03
-7.22766e+02 3.23360e+03
-7.07670e+02 3.23360e+03
-6.92574e+02 3.23359e+03
-6.77479e+02 3.23359e+03
-6.62383e+02 3.23358e+03
-6.47287e+02 3.23357e+03
-6.32191e+02 3.23357e+03
-6.17095e+02 3.23356e+03
-6.01999e+02 3.23356e+03
-5.86903e+02 3.23356e+03
-5.71807e+02 3.23356e+03
-5.56711e+02 3.23356e+03
-5.41616e+02 3.23356e+03
-5.26520e+02 3.23357e+03
-5.11424e+02 3.23357e+03
-4.96328e+02 3.23357e+03
-4.81232e+02 3.23358e+03
-4.66136e+02 3.23359e+03
-4.51040e+02 3.23360e+03
-4.35944e+02 3.23361e+03
-4.20849e+02 3.23361e+03
-4.05753e+02 3.23361e+03
-3.90725e+02 3.23361e+03
-3.75697e+02 3.23361e+03
-3.60669e+02 3.23360e+03
-3.45641e+02 3.23360e+03
-3.30613e+02 3.23360e+03
-3.15585e+02 3.23359e+03
-3.00558e+02 3.23358e+03
-2.85530e+02 3.23355e+03
-2.70502e+02 3.23351e+03
-2.55474e+02 3.23346e+03
-2.40446e+02 3.23341e+03
-2.25418e+02 3.23338e+03
-2.10390e+02 3.23336e+03
-1.95362e+02 3.23333e+03
-1.80335e+02 3.23331e+03
-1.65307e+02 3.23329e+03
-1.50279e+02 3.23328e+03
-1.35251e+02 3.23327e+03
-1.20223e+02 3.23331e+03
-1.05195e+02 3.23337e+03
-9.01673e+01 3.23343e+03
-7.51394e+01 3.23348e+03
-6.01115e+01 3.23353e+03
-4.50836e+01 3.23357e+03
-3.00558e+01 3.23361e+03
-1.50279e+01 3.23364e+03
0.00000e+00 3.23364e+03
1.50279e+01 3.23365e+03
3.00558e+01 3.23364e+03
4.50836e+01 3.23365e+03
6.01115e+01 3.23365e+03
7.51394e+01 3.23366e+03
9.01673e+01 3.23367e+03
1.05184e+02 3.23368e+03
1.20201e+02 3.23369e+03
1.35217e+02 3.23371e+03
1.50234e+02 3.23373e+03
1.65250e+02 3.23376e+03
1.80267e+02 3.23379e+03
1.95284e+02 3.23382e+03
2.10300e+02 3.23382e+03
2.25317e+02 3.23381e+03
2.40334e+02 3.23379e+03
2.55350e+02 3.23377e+03
2.70367e+02 3.23374e+03
2.85384e+02 3.23371e+03
3.00400e+02 3.23368e+03
3.15417e+02 3.23369e+03
3.30434e+02 3.23371e+03
3.45450e+02 3.23372e+03
3.60467e+02 3.23374e+03
3.75484e+02 3.23376e+03
3.90500e+02 3.23377e+03
4.05517e+02 3.23379e+03
4.20534e+02 3.23378e+03
4.35550e+02 3.23377e+03
4.50567e+02 3.23376e+03
4.65583e+02 3.23375e+03
4.80600e+02 3.23374e+03
4.95617e+02 3.23373e+03
5.10633e+02 3.23372e+03
5.25650e+02 3.23373e+03
5.40667e+02 3.23373e+03
5.55683e+02 3.23374e+03
5.70700e+02 3.23374e+03
5.85717e+02 3.23374e+03
6.00733e+02 3.23373e+03
6.15750e+02 3.23373e+03
6.30767e+02 3.23371e+03
6.45783e+02 3.23367e+03
6.60800e+02 3.23364e+03
6.75817e+02 3.23361e+03
6.90833e+02 3.23358e+03
7.05850e+02 3.23356e+03
7.20866e+02 3.23354e+03
7.35883e+02 3.23352e+03
7.50900e+02 3.23349e+03
7.65916e+02 3.23346e+03
7.80933e+02 3.23343e+03
7.95950e+02 3.23340e+03
8.10966e+02 3.23336e+03
8.25983e+02 3.23332e+03
8.41000e+02 3.23329e+03
8.56016e+02 3.23334e+03
8.71033e+02 3.23339e+03
8.86050e+02 3.23343e+03
9.01066e+02 3.23347e+03
9.16083e+02 3.23351e+03
9.31100e+02 3.23355e+03
9.46116e+02 3.23358e+03
9.61133e+02 3.23359e+03
9.76149e+02 3.23361e+03
9.91166e+02 3.23362e+03
1.00618e+03 3.23363e+03
1.02120e+03 3.23364e+03
1.03622e+03 3.23364e+03
1.05123e+03 3.23365e+03
1.06625e+03 3.23364e+03
1.08127e+03 3.23364e+03
1.09628e+03 3.23363e+03
1.11130e+03 3.23363e+03
1.12632e+03 3.23363e+03
1.14133e+03 3.23363e+03
1.15635e+03 3.23363e+03
1.17137e+03 3.23364e+03
1.18638e+03 3.23365e+03
1.20140e+03 3.23366e+03
1.21642e+03 3.23366e+03
1.23143e+03 3.23366e+03
1.24645e+03 3.23367e+03
1.26147e+03 3.23367e+03
1.27648e+03 3.23365e+03
1.29150e+03 3.23362e+03
1.30652e+03 3.23359e+03
1.32153e+03 3.23355e+03
1.33655e+03 3.23352e+03
1.35157e+03 3.23348e+03
1.36658e+03 3.23345e+03
1.38160e+03 3.23343e+03
1.39662e+03 3.23345e+03
1.41163e+03 3.23347e+03
1.42665e+03 3.23350e+03
1.44167e+03 3.23352e+03
1.45668e+03 3.23353e+03
1.47170e+03 3.23355e+03
1.48672e+03 3.23356e+03
1.50173e+03 3.23355e+03
1.51675e+03 3.23355e+03
1.53177e+03 3.23354e+03
1.54678e+03 3.23353e+03
1.56180e+03 3.23353e+03
1.57682e+03 3.23352e+03
1.59183e+03 3.23351e+03
1.60685e+03 3.23349e+03
1.62187e+03 3.23347e+03
1.63688e+03 3.23345e+03
1.65190e+03 3.23342e+03
1.66692e+03 3.23340e+03
1.68193e+03 3.23338e+03
1.69695e+03 3.23337e+03
1.71197e+03 3.23340e+03
1.72698e+03 3.23342e+03
1.74200e+03 3.23345e+03
1.75702e+03 3.23346e+03
1.77203e+03 3.23348e+03
1.78705e+03 3.23349e+03
1.80207e+03 3.23349e+03
1.81708e+03 3.23349e+03
1.83210e+03 3.23348e+03
1.84712e+03 3.23348e+03
1.86213e+03 3.23349e+03
1.87715e+03 3.23349e+03
1.89216e+03 3.23350e+03
1.90718e+03 3.23352e+03
1.92220e+03 3.23352e+03
1.93721e+03 3.23353e+03
1.95223e+03 3.23353e+03
1.96725e+03 3.23351e+03
1.98226e+03 3.23350e+03
1.99728e+03 3.23349e+03
2.01230e+03 3.23348e+03
2.02731e+03 3.23347e+03
2.04233e+03 3.23344e+03
2.05735e+03 3.23343e+03
2.07236e+03 3.23341e+03
2.08738e+03 3.23339e+03
2.10240e+03 3.23338e+03
2.11741e+03 3.23337e+03
2.13243e+03 3.23337e+03
2.14745e+03 3.23337e+03
2.16246e+03 3.23337e+03
2.17748e+03 3.23337e+03
2.19250e+03 3.23337e+03
2.20751e+03 3.23337e+03
2.22253e+03 3.23337e+03
2.23755e+03 3.23337e+03
2.25256e+03 3.23336e+03
2.26758e+03 3.23335e+03
2.28260e+03 3.23334e+03
2.29761e+03 3.23334e+03
2.31263e+03 3.23333e+03
2.32765e+03 3.23332e+03
2.34266e+03 3.23331e+03
2.35768e+03 3.23331e+03
2.37270e+03 3.23331e+03
2.38771e+03 3.23330e+03
2.40273e+03 3.23331e+03
2.41775e+03 3.23331e+03
2.43276e+03 3.23331e+03
2.44778e+03 3.23332e+03
2.46280e+03 3.23332e+03
2.47781e+03 3.23331e+03
2.49283e+03 3.23331e+03
2.50785e+03 3.23330e+03
2.52286e+03 3.23330e+03
2.53788e+03 3.23329e+03
2.55290e+03 3.23329e+03
2.56791e+03 3.23328e+03
2.58293e+03 3.23328e+03
2.59795e+03 3.23327e+03
2.61296e+03 3.23326e+03
2.62798e+03 3.23325e+03
2.64300e+03 3.23323e+03
2.65801e+03 3.23321e+03
2.67303e+03 3.23319e+03
2.68805e+03 3.23318e+03
2.70306e+03 3.23317e+03
2.71808e+03 3.23317e+03
2.73310e+03 3.23316e+03
2.74811e+03 3.23317e+03
2.76313e+03 3.23317e+03
2.77815e+03 3.23317e+03
2.79316e+03 3.23317e+03
2.80818e+03 3.23317e+03
2.82320e+03 3.23317e+03
2.83821e+03 3.23317e+03
2.85323e+03 3.23316e+03
2.86825e+03 3.23316e+03
2.88326e+03 3.23315e+03
2.89828e+03 3.23315e+03
2.91330e+03 3.23315e+03
2.92831e+03 3.23315e+03
2.94333e+03 3.23315e+03
2.95835e+03 3.23315e+03
2.97336e+03 3.23316e+03
2.98838e+03 3.23316e+03
3.00340e+03 3.23318e+03
3.01841e+03 3.23319e+03
3.03343e+03 3.23321e+03
3.04845e+03 3.23323e+03
3.06346e+03 3.23325e+03
3.07848e+03 3.23326e+03
3.09350e+03 3.23327e+03
3.10851e+03 3.23324e+03
3.12353e+03 3.23322e+03
3.13855e+03 3.23319e+03
3.15356e+03 3.23317e+03
3.16858e+03 3.23314e+03
3.18360e+03 3.23312e+03
3.19861e+03 3.23311e+03
3.21363e+03 3.23309e+03
3.22865e+03 3.23308e+03
3.24366e+03 3.23306e+03
3.25868e+03 3.23303e+03
3.27370e+03 3.23301e+03
3.28871e+03 3.23298e+03
3.30373e+03 3.23295e+03
3.31875e+03 3.23294e+03
3.33376e+03 3.23294e+03
3.34878e+03 3.23294e+03
3.36380e+03 3.23295e+03
3.37881e+03 3.23295e+03
3.39383e+03 3.23295e+03
3.40885e+03 3.23295e+03
3.42386e+03 3.23296e+03
3.43888e+03 3.23296e+03
3.45390e+03 3.23295e+03
3.46891e+03 3.23295e+03
3.48393e+03 3.23295e+03
3.49895e+03 3.23294e+03
3.51396e+03 3.23293e+03
3.52898e+03 3.23291e+03
3.54400e+03 3.23287e+03
3.55901e+03 3.23284e+03
3.57403e+03 3.23281e+03
3.58905e+03 3.23278e+03
3.60406e+03 3.23275e+03
3.61908e+03 3.23273e+03
3.63410e+03 3.23272e+03
3.64911e+03 3.23272e+03
3.66413e+03 3.23272e+03
3.67915e+03 3.23271e+03
3.69416e+03 3.23271e+03
3.70918e+03 3.23270e+03
3.72420e+03 3.23269e+03
3.73921e+03 3.23268e+03
3.75423e+03 3.23267e+03
3.76925e+03 3.23266e+03
3.78426e+03 3.23265e+03
3.79928e+03 3.23264e+03
3.81430e+03 3.23263e+03
3.82931e+03 3.23262e+03
3.84433e+03 3.23261e+03
3.85935e+03 3.23261e+03
3.87436e+03 3.23261e+03
3.88938e+03 3.23260e+03
3.90440e+03 3.23260e+03
3.91941e+03 3.23261e+03
3.93443e+03 3.23261e+03
3.94945e+03 3.23262e+03
3.96446e+03 3.23263e+03
3.97948e+03 3.23263e+03
3.99450e+03 3.23264e+03
4.00951e+03 3.23264e+03
4.02453e+03 3.23264e+03
4.03955e+03 3.23265e+03
4.05456e+03 3.23265e+03
4.06958e+03 3.23264e+03
4.08460e+03 3.23262e+03
4.09961e+03 3.23260e+03
4.11463e+03 3.23258e+03
4.12965e+03 3.23255e+03
4.14466e+03 3.23253e+03
4.15968e+03 3.23249e+03
4.17470e+03 3.23249e+03
4.18971e+03 3.23252e+03
4.20473e+03 3.23254e+03
4.21975e+03 3.23255e+03
4.23476e+03 3.23257e+03
4.24978e+03 3.23258e+03
4.26480e+03 3.23259e+03
4.27981e+03 3.23259e+03
4.29483e+03 3.23258e+03
4.30985e+03 3.23257e+03
4.32486e+03 3.23256e+03
4.33988e+03 3.23255e+03
4.35490e+03 3.23254e+03
4.36991e+03 3.23253e+03
4.38493e+03 3.23252e+03
4.39995e+03 3.23251e+03
4.41496e+03 3.23249e+03
4.42998e+03 3.23248e+03
4.44500e+03 3.23247e+03
4.46001e+03 3.23246e+03
4.47503e+03 3.23245e+03
4.49005e+03 3.23245e+03
4.50506e+03 3.23246e+03
4.52008e+03 3.23246e+03
4.53510e+03 3.23246e+03
4.55011e+03 3.23246e+03
4.56513e+03 3.23245e+03
4.58014e+03 3.23245e+03
4.59516e+03 3.23243e+03
4.61020e+03 3.23242e+03
4.62524e+03 3.23241e+03
4.64028e+03 3.23241e+03
4.65532e+03 3.23241e+03
4.67036e+03 3.23241e+03
4.68540e+03 3.23241e+03
4.70044e+03 3.23242e+03
4.71548e+03 3.23241e+03
4.73052e+03 3.23241e+03
4.74556e+03 3.23240e+03
4.76060e+03 3.23239e+03
4.77564e+03 3.23237e+03
4.79068e+03 3.23236e+03
4.80571e+03 3.23234e+03
4.82075e+03 3.23233e+03
4.83579e+03 3.23232e+03
4.85083e+03 3.23231e+03
4.86587e+03 3.23230e+03
4.88091e+03 3.23229e+03
4.89595e+03 3.23228e+03
4.91099e+03 3.23227e+03
4.92603e+03 3.23227e+03
4.94107e+03 3.23227e+03
4.95611e+03 3.23227e+03
4.97115e+03 3.23228e+03
4.98619e+03 3.23229e+03
5.00123e+03 3.23230e+03
5.01627e+03 3.23231e+03
5.03131e+03 3.23231e+03
5.04635e+03 3.23230e+03
5.06139e+03 3.23229e+03
5.07643e+03 3.23227e+03
5.09147e+03 3.23226e+03
5.10651e+03 3.23225e+03
5.12154e+03 3.23224e+03
5.13658e+03 3.23222e+03
5.15162e+03 3.23220e+03
5.16666e+03 3.23219e+03
5.18170e+03 3.23218e+03
5.19674e+03 3.23216e+03
5.21178e+03 3.23216e+03
5.22682e+03 3.23215e+03
5.24186e+03 3.23215e+03
5.25690e+03 3.23215e+03
5.27194e+03 3.23215e+03
5.28698e+03 3.23215e+03
5.30202e+03 3.23215e+03
5.31706e+03 3.23214e+03
5.33210e+03 3.23214e+03
5.34714e+03 3.23213e+03
5.36218e+03 3.23213e+03
5.37722e+03 3.23212e+03
5.39226e+03 3.23211e+03
5.40730e+03 3.23211e+03
5.42234e+03 3.23210e+03
5.43737e+03 3.23209e+03
5.45241e+03 3.23208e+03
5.46745e+03 3.23207e+03
5.48249e+03 3.23206e+03
5.49753e+03 3.23206e+03
5.51257e+03 3.23205e+03
5.52761e+03 3.23204e+03
5.54265e+03 3.23204e+03
5.55769e+03 3.23204e+03
5.57273e+03 3.23204e+03
5.58777e+03 3.23203e+03
5.60281e+03 3.23202e+03
5.61785e+03 3.23201e+03
5.63289e+03 3.23199e+03
5.64793e+03 3.23197e+03
5.66297e+03 3.23195e+03
5.67801e+03 3.23194e+03
5.69305e+03 3.23193e+03
5.70809e+03 3.23192e+03
5.72313e+03 3.23192e+03
5.73817e+03 3.23191e+03
5.75320e+03 3.23191e+03
5.76824e+03 3.23190e+03
5.78328e+03 3.23188e+03
5.79832e+03 3.23186e+03
5.81336e+03 3.23185e+03
5.82840e+03 3.23183e+03
5.84344e+03 3.23182e+03
5.85848e+03 3.23181e+03
5.87352e+03 3.23182e+03
5.88856e+03 3.23183e+03
5.90360e+03 3.23184e+03
5.91864e+03 3.23184e+03
5.93368e+03 3.23185e+03
5.94872e+03 3.23185e+03
5.96376e+03 3.23184e+03
5.97880e+03 3.23183e+03
5.99384e+03 3.23182e+03
6.00888e+03 3.23181e+03
6.02392e+03 3.23179e+03
6.03896e+03 3.23178e+03
6.05400e+03 3.23177e+03
6.06903e+03 3.23176e+03
6.08407e+03 3.23177e+03
6.09911e+03 3.23178e+03
6.11415e+03 3.23179e+03
6.12919e+03 3.23180e+03
6.14423e+03 3.23181e+03
6.15927e+03 3.23181e+03
6.17431e+03 3.23181e+03
6.18935e+03 3.23180e+03
6.20439e+03 3.23178e+03
6.21943e+03 3.23178e+03
6.23447e+03 3.23178e+03
6.24951e+03 3.23178e+03
6.26455e+03 3.23178e+03
6.27959e+03 3.23179e+03
6.29463e+03 3.23177e+03
6.30967e+03 3.23175e+03
6.32471e+03 3.23172e+03
6.33975e+03 3.23170e+03
6.35479e+03 3.23167e+03
6.36983e+03 3.23164e+03
6.38486e+03 3.23161e+03
6.39990e+03 3.23160e+03
6.41494e+03 3.23160e+03
6.42998e+03 3.23160e+03
6.44502e+03 3.23160e+03
6.46006e+03 3.23161e+03
6.47510e+03 3.23162e+03
6.49014e+03 3.23163e+03
6.50518e+03 3.23163e+03
6.52022e+03 3.23162e+03
6.53526e+03 3.23161e+03
6.55030e+03 3.23160e+03
6.56534e+03 3.23159e+03
6.58038e+03 3.23159e+03
6.59542e+03 3.23157e+03
6.61046e+03 3.23156e+03
6.62550e+03 3.23155e+03
6.64054e+03 3.23154e+03
6.65558e+03 3.23153e+03
6.67062e+03 3.23152e+03
6.68565e+03 3.23151e+03
6.70069e+03 3.23150e+03
6.71573e+03 3.23148e+03
6.73077e+03 3.23146e+03
6.74581e+03 3.23144e+03
6.76085e+03 3.23142e+03
6.77589e+03 3.23140e+03
6.79093e+03 3.23139e+03
6.80597e+03 3.23138e+03
6.82101e+03 3.23138e+03
6.83605e+03 3.23137e+03
6.85109e+03 3.23137e+03
6.86613e+03 3.23136e+03
6.88117e+03 3.23135e+03
6.89621e+03 3.23134e+03
6.91125e+03 3.23133e+03
6.92629e+03 3.23131e+03
6.94133e+03 3.23129e+03
6.95637e+03 3.23128e+03
6.97141e+03 3.23126e+03
6.98645e+03 3.23124e+03
7.00148e+03 3.23123e+03
7.01652e+03 3.23122e+03
7.03156e+03 3.23122e+03
7.04660e+03 3.23122e+03
7.06164e+03 3.23122e+03
7.07668e+03 3.23122e+03
7.09172e+03 3.23121e+03
7.10676e+03 3.23121e+03
7.12180e+03 3.23120e+03
7.13684e+03 3.23120e+03
7.15188e+03 3.23118e+03
7.16692e+03 3.23116e+03
7.18196e+03 3.23114e+03
7.19700e+03 3.23112e+03
7.21204e+03 3.23111e+03
7.22708e+03 3.23109e+03
7.24212e+03 3.23108e+03
7.25716e+03 3.23109e+03
7.27220e+03 3.23110e+03
7.28724e+03 3.23110e+03
7.30228e+03 3.23111e+03
7.31731e+03 3.23111e+03
7.33235e+03 3.23111e+03
7.34739e+03 3.23111e+03
7.36243e+03 3.23110e+03
7.37747e+03 3.23109e+03
7.39251e+03 3.23108e+03
7.40755e+03 3.23108e+03
7.42259e+03 3.23107e+03
7.43763e+03 3.23106e+03
7.45267e+03 3.23105e+03
7.46771e+03 3.23105e+03
7.48275e+03 3.23105e+03
7.49779e+03 3.23105e+03
7.51283e+03 3.23106e+03
7.52787e+03 3.23106e+03
7.54291e+03 3.23105e+03
7.55795e+03 3.23104e+03
7.57299e+03 3.23102e+03
7.58804e+03 3.23100e+03
7.60308e+03 3.23098e+03
7.61813e+03 3.23096e+03
7.63318e+03 3.23095e+03
7.64823e+03 3.23093e+03
7.66328e+03 3.23092e+03
7.67833e+03 3.23088e+03
7.69338e+03 3.23085e+03
7.70843e+03 3.23081e+03
7.72348e+03 3.23077e+03
7.73853e+03 3.23074e+03
7.75357e+03 3.23070e+03
7.76862e+03 3.23067e+03
7.78367e+03 3.23066e+03
7.79872e+03 3.23065e+03
7.81377e+03 3.23064e+03
7.82882e+03 3.23063e+03
7.84387e+03 3.23062e+03
7.85892e+03 3.23062e+03
7.87397e+03 3.23062e+03
7.88902e+03 3.23062e+03
7.90407e+03 3.23062e+03
7.91911e+03 3.23062e+03
7.93416e+03 3.23062e+03
7.94921e+03 3.23061e+03
7.96426e+03 3.23060e+03
7.97931e+03 3.23058e+03
7.99436e+03 3.23058e+03
8.00941e+03 3.23057e+03
8.02446e+03 3.23057e+03
8.03951e+03 3.23056e+03
8.05456e+03 3.23056e+03
8.06960e+03 3.23056e+03
8.08465e+03 3.23055e+03
8.09970e+03 3.23053e+03
8.11475e+03 3.23051e+03
8.12980e+03 3.23048e+03
8.14485e+03 3.23046e+03
8.15990e+03 3.23043e+03
8.17495e+03 3.23041e+03
8.19000e+03 3.23039e+03
8.20505e+03 3.23040e+03
8.22009e+03 3.23040e+03
8.23514e+03 3.23040e+03
8.25019e+03 3.23040e+03
8.26524e+03 3.23039e+03
8.28029e+03 3.23038e+03
8.29534e+03 3.23037e+03
8.31039e+03 3.23036e+03
8.32544e+03 3.23035e+03
8.34049e+03 3.23035e+03
8.35554e+03 3.23036e+03
8.37059e+03 3.23037e+03
8.38563e+03 3.23038e+03
8.40068e+03 3.23039e+03
8.41573e+03 3.23038e+03
8.43078e+03 3.23037e+03
8.44583e+03 3.23036e+03
8.46088e+03 3.23035e+03
8.47593e+03 3.23034e+03
8.49098e+03 3.23032e+03
8.50603e+03 3.23031e+03
8.52108e+03 3.23030e+03
8.53612e+03 3.23029e+03
8.55117e+03 3.23028e+03
8.56622e+03 3.23026e+03
8.58127e+03 3.23025e+03
8.59632e+03 3.23024e+03
8.61137e+03 3.23022e+03
8.62642e+03 3.23021e+03
8.64147e+03 3.23019e+03
8.65652e+03 3.23018e+03
8.67157e+03 3.23017e+03
8.68661e+03 3.23017e+03
8.70166e+03 3.23016e+03
8.71671e+03 3.23016e+03
8.73176e+03 3.23016e+03
8.74681e+03 3.23015e+03
8.76186e+03 3.23015e+03
8.77691e+03 3.23015e+03
8.79196e+03 3.23014e+03
8.80701e+03 3.23014e+03
8.82206e+03 3.23013e+03
8.83711e+03 3.23013e+03
8.85215e+03 3.23013e+03
8.86720e+03 3.23012e+03
8.88225e+03 3.23011e+03
8.89730e+03 3.23009e+03
8.91235e+03 3.23008e+03
8.92740e+03 3.23006e+03
8.94245e+03 3.23004e+03
8.95750e+03 3.23001e+03
8.97255e+03 3.22999e+03
8.98760e+03 3.22997e+03
9.00264e+03 3.22995e+03
9.01769e+03 3.22993e+03
9.03274e+03 3.22991e+03
9.04779e+03 3.22990e+03
9.06284e+03 3.22990e+03
9.07789e+03 3.22990e+03
9.09294e+03 3.22990e+03
9.10799e+03 3.22990e+03
9.12304e+03 3.22990e+03
9.13809e+03 3.22990e+03
9.15313e+03 3.22989e+03
9.16818e+03 3.22988e+03
9.18323e+03 3.22987e+03
9.19828e+03 3.22985e+03
9.21333e+03 3.22984e+03
9.22838e+03 3.22982e+03
9.24343e+03 3.22980e+03
9.25848e+03 3.22977e+03
9.27353e+03 3.22974e+03
9.28858e+03 3.22972e+03
9.30362e+03 3.22969e+03
9.31867e+03 3.22968e+03
9.33372e+03 3.22966e+03
9.34877e+03 3.22965e+03
9.36382e+03 3.22964e+03
9.37887e+03 3.22965e+03
9.39392e+03 3.22965e+03
9.40897e+03 3.22965e+03
9.42402e+03 3.22965e+03
9.43907e+03 3.22965e+03
9.45412e+03 3.22965e+03
9.46916e+03 3.22965e+03
9.48421e+03 3.22966e+03
9.49926e+03 3.22966e+03
9.51431e+03 3.22965e+03
9.52936e+03 3.22964e+03
9.54441e+03 3.22963e+03
9.55946e+03 3.22961e+03
9.57451e+03 3.22959e+03
9.58956e+03 3.22957e+03
9.60461e+03 3.22955e+03
9.61965e+03 3.22954e+03
9.63470e+03 3.22953e+03
9.64975e+03 3.22952e+03
9.66480e+03 3.22952e+03
9.67985e+03 3.22950e+03
9.69490e+03 3.22949e+03
9.70995e+03 3.22947e+03
9.72500e+03 3.22946e+03
9.74005e+03 3.22945e+03
9.75510e+03 3.22943e+03
9.77014e+03 3.22942e+03
9.78519e+03 3.22941e+03
9.80024e+03 3.22941e+03
9.81529e+03 3.22940e+03
9.83034e+03 3.22940e+03
9.84539e+03 3.22939e+03
9.86044e+03 3.22938e+03
9.87549e+03 3.22937e+03
9.89054e+03 3.22936e+03
9.90559e+03 3.22935e+03
9.92064e+03 3.22934e+03
9.93568e+03 3.22934e+03
9.95073e+03 3.22933e+03
9.96578e+03 3.22932e+03
9.98083e+03 3.22932e+03
9.99588e+03 3.22931e+03
1.00109e+04 3.22929e+03
1.00260e+04 3.22928e+03
1.00410e+04 3.22926e+03
1.00561e+04 3.22925e+03
1.00711e+04 3.22924e+03
1.00862e+04 3.22923e+03
1.01012e+04 3.22922e+03
1.01163e+04 3.22921e+03
1.01313e+04 3.22921e+03
1.01464e+04 3.22921e+03
1.01614e+04 3.22921e+03
1.01765e+04 3.22922e+03
1.01915e+04 3.22923e+03
1.02066e+04 3.22923e+03
1.02216e+04 3.22922e+03
1.02367e+04 3.22921e+03
1.02517e+04 3.22919e+03
1.02668e+04 3.22917e+03
1.02818e+04 3.22915e+03
1.02969e+04 3.22912e+03
1.03119e+04 3.22910e+03
1.03270e+04 3.22910e+03
1.03420e+04 3.22911e+03
1.03571e+04 3.22911e+03
1.03721e+04 3.22912e+03
1.03872e+04 3.22912e+03
1.04022e+04 3.22913e+03
1.04173e+04 3.22913e+03
1.04323e+04 3.22912e+03
1.04474e+04 3.22911e+03
1.04624e+04 3.22910e+03
1.04774e+04 3.22910e+03
1.04925e+04 3.22910e+03
1.05075e+04 3.22909e+03
1.05226e+04 3.22910e+03
1.05376e+04 3.22911e+03
1.05527e+04 3.22913e+03
1.05677e+04 3.22915e+03
1.05828e+04 3.22917e+03
1.05978e+04 3.22920e+03
1.06128e+04 3.22922e+03
1.06278e+04 3.22922e+03
1.06428e+04 3.22916e+03
1.06578e+04 3.22909e+03
1.06728e+04 3.22903e+03
1.06879e+04 3.22898e+03
1.07029e+04 3.22892e+03
1.07179e+04 3.22887e+03
1.07329e+04 3.22884e+03
1.07479e+04 3.22882e+03
1.07629e+04 3.22880e+03
1.07779e+04 3.22879e+03
1.07929e+04 3.22877e+03
1.08079e+04 3.22875e+03
1.08229e+04 3.22873e+03
1.08379e+04 3.22873e+03
1.08529e+04 3.22873e+03
1.08680e+04 3.22874e+03
1.08830e+04 3.22875e+03
1.08980e+04 3.22876e+03
1.09130e+04 3.22877e+03
1.09280e+04 3.22878e+03
1.09430e+04 3.22880e+03
1.09580e+04 3.22880e+03
1.09730e+04 3.22879e+03
1.09880e+04 3.22879e+03
1.10030e+04 3.22878e+03
1.10180e+04 3.22877e+03
1.10330e+04 3.22876e+03
1.10481e+04 3.22874e+03
1.10631e+04 3.22873e+03
1.10781e+04 3.22871e+03
1.10931e+04 3.22870e+03
1.11081e+04 3.22870e+03
1.11231e+04 3.22869e+03
1.11381e+04 3.22870e+03
1.11531e+04 3.22870e+03
1.11681e+04 3.22870e+03
1.11831e+04 3.22869e+03
1.11981e+04 3.22869e+03
1.12131e+04 3.22868e+03
1.12282e+04 3.22868e+03
1.12432e+04 3.22867e+03
1.12582e+04 3.22866e+03
1.12732e+04 3.22865e+03
1.12882e+04 3.22864e+03
1.13032e+04 3.22863e+03
1.13182e+04 3.22862e+03
1.13332e+04 3.22862e+03
1.13482e+04 3.22861e+03
1.13632e+04 3.22861e+03
1.13782e+04 3.22861e+03
1.13932e+04 3.22861e+03
1.14083e+04 3.22862e+03
1.14233e+04 3.22862e+03
1.14383e+04 3.22863e+03
1.14533e+04 3.22864e+03
1.14683e+04 3.22864e+03
1.14833e+04 3.22861e+03
1.14983e+04 3.22858e+03
1.15133e+04 3.22854e+03
1.15283e+04 3.22851e+03
1.15433e+04 3.22847e+03
1.15583e+04 3.22844e+03
1.15733e+04 3.22841e+03
1.15884e+04 3.22844e+03
1.16034e+04 3.22847e+03
1.16184e+04 3.22849e+03
1.16334e+04 3.22850e+03
1.16484e+04 3.22851e+03
1.16634e+04 3.22852e+03
1.16784e+04 3.22852e+03
1.16934e+04 3.22850e+03
1.17084e+04 3.22848e+03
1.17234e+04 3.22847e+03
1.17384e+04 3.22846e+03
1.17534e+04 3.22845e+03
1.17685e+04 3.22844e+03
1.17835e+04 3.22844e+03
1.17985e+04 3.22843e+03
1.18135e+04 3.22841e+03
1.18285e+04 3.22839e+03
1.18435e+04 3.22836e+03
1.18585e+04 3.22834e+03
1.18735e+04 3.22830e+03
1.18885e+04 3.22827e+03
1.19035e+04 3.22826e+03
1.19185e+04 3.22826e+03
1.19335e+04 3.22826e+03
1.19486e+04 3.22826e+03
1.19636e+04 3.22827e+03
1.19786e+04 3.22828e+03
1.19936e+04 3.22830e+03
1.20086e+04 3.22833e+03
1.20236e+04 3.22836e+03
1.20386e+04 3.22839e+03
1.20536e+04 3.22840e+03
1.20686e+04 3.22841e+03
1.20836e+04 3.22841e+03
1.20986e+04 3.22840e+03
1.21136e+04 3.22838e+03
1.21287e+04 3.22836e+03
1.21437e+04 3.22833e+03
1.21587e+04 3.22831e+03
1.21737e+04 3.22829e+03
1.21887e+04 3.22826e+03
1.22037e+04 3.22824e+03
1.22187e+04 3.22823e+03
1.22337e+04 3.22823e+03
1.22487e+04 3.22822e+03
1.22637e+04 3.22822e+03
1.22787e+04 3.22823e+03
1.22937e+04 3.22823e+03
1.23088e+04 3.22824e+03
1.23238e+04 3.22823e+03
1.23388e+04 3.22823e+03
1.23538e+04 3.22823e+03
1.23688e+04 3.22822e+03
1.23838e+04 3.22822e+03
1.23988e+04 3.22821e+03
1.24138e+04 3.22820e+03
1.24288e+04 3.22820e+03
1.24438e+04 3.22820e+03
1.24588e+04 3.22821e+03
1.24738e+04 3.22821e+03
1.24889e+04 3.22821e+03
1.25039e+04 3.22822e+03
1.25189e+04 3.22822e+03
1.25339e+04 3.22822e+03
1.25489e+04 3.22821e+03
1.25639e+04 3.22820e+03
1.25789e+04 3.22819e+03
1.25939e+04 3.22817e+03
1.26089e+04 3.22816e+03
1.26239e+04 3.22815e+03
1.26389e+04 3.22815e+03
1.26539e+04 3.22814e+03
1.26690e+04 3.22814e+03
1.26840e+04 3.22814e+03
1.26990e+04 3.22815e+03
1.27140e+04 3.22815e+03
1.27290e+04 3.22816e+03
1.27440e+04 3.22814e+03
1.27590e+04 3.22811e+03
1.27740e+04 3.22807e+03
1.27890e+04 3.22804e+03
1.28040e+04 3.22801e+03
1.28190e+04 3.22798e+03
1.28341e+04 3.22794e+03
1.28491e+04 3.22793e+03
1.28641e+04 3.22793e+03
1.28791e+04 3.22794e+03
1.28941e+04 3.22795e+03
1.29091e+04 3.22797e+03
1.29241e+04 3.22799e+03
1.29391e+04 3.22801e+03
1.29541e+04 3.22800e+03
1.29691e+04 3.22797e+03
1.29841e+04 3.22794e+03
1.29991e+04 3.22791e+03
1.30142e+04 3.22787e+03
1.30292e+04 3.22783e+03
1.30442e+04 3.22779e+03
1.30592e+04 3.22778e+03
1.30742e+04 3.22777e+03
1.30892e+04 3.22776e+03
1.31042e+04 3.22776e+03
1.31192e+04 3.22775e+03
1.31342e+04 3.22774e+03
1.31492e+04 3.22773e+03
1.31642e+04 3.22772e+03
1.31792e+04 3.22771e+03
1.31943e+04 3.22770e+03
1.32093e+04 3.22769e+03
1.32243e+04 3.22769e+03
1.32393e+04 3.22768e+03
1.32543e+04 3.22768e+03
1.32693e+04 3.22768e+03
1.32843e+04 3.22767e+03
1.32993e+04 3.22765e+03
1.33143e+04 3.22764e+03
1.33293e+04 3.22762e+03
1.33443e+04 3.22760e+03
1.33593e+04 3.22757e+03
1.33744e+04 3.22757e+03
1.33894e+04 3.22757e+03
1.34044e+04 3.22758e+03
1.34194e+04 3.22759e+03
1.34344e+04 3.22760e+03
1.34494e+04 3.22762e+03
1.34644e+04 3.22762e+03
1.34794e+04 3.22761e+03
1.34944e+04 3.22759e+03
1.35094e+04 3.22757e+03
1.35244e+04 3.22756e+03
1.35394e+04 3.22756e+03
1.35545e+04 3.22756e+03
1.35695e+04 3.22756e+03
1.35845e+04 3.22756e+03
1.35995e+04 3.22755e+03
1.36145e+04 3.22754e+03
1.36295e+04 3.22753e+03
1.36445e+04 3.22752e+03
1.36595e+04 3.22751e+03
1.36745e+04 3.22750e+03
1.36895e+04 3.22749e+03
1.37045e+04 3.22748e+03
1.37195e+04 3.22748e+03
1.37346e+04 3.22747e+03
1.37496e+04 3.22745e+03
1.37646e+04 3.22744e+03
1.37796e+04 3.22743e+03
1.37946e+04 3.22742e+03
1.38096e+04 3.22742e+03
1.38246e+04 3.22742e+03
1.38396e+04 3.22742e+03
1.38546e+04 3.22742e+03
1.38696e+04 3.22742e+03
1.38846e+04 3.22742e+03
1.38996e+04 3.22742e+03
1.39147e+04 3.22742e+03
1.39297e+04 3.22742e+03
1.39447e+04 3.22742e+03
1.39597e+04 3.22741e+03
1.39747e+04 3.22740e+03
1.39897e+04 3.22738e+03
1.40047e+04 3.22737e+03
1.40197e+04 3.22735e+03
1.40347e+04 3.22733e+03
1.40497e+04 3.22731e+03
1.40647e+04 3.22729e+03
1.40797e+04 3.22726e+03
1.40948e+04 3.22724e+03
1.41098e+04 3.22724e+03
1.41248e+04 3.22727e+03
1.41398e+04 3.22731e+03
1.41548e+04 3.22734e+03
1.41698e+04 3.22738e+03
1.41848e+04 3.22742e+03
1.41998e+04 3.22746e+03
1.42148e+04 3.22749e+03
1.42298e+04 3.22747e+03
1.42448e+04 3.22745e+03
1.42598e+04 3.22742e+03
1.42749e+04 3.22740e+03
1.42899e+04 3.22737e+03
1.43049e+04 3.22735e+03
1.43199e+04 3.22733e+03
1.43349e+04 3.22734e+03
1.43499e+04 3.22734e+03
1.43649e+04 3.22735e+03
1.43799e+04 3.22736e+03
1.43949e+04 3.22737e+03
1.44099e+04 3.22738e+03
1.44249e+04 3.22739e+03
1.44399e+04 3.22739e+03
1.44550e+04 3.22738e+03
1.44700e+04 3.22738e+03
1.44850e+04 3.22738e+03
1.45000e+04 3.22738e+03
1.45150e+04 3.22738e+03
1.45300e+04 3.22738e+03
1.45450e+04 3.22737e+03
1.45600e+04 3.22735e+03
1.45750e+04 3.22733e+03
1.45900e+04 3.22731e+03
1.46050e+04 3.22728e+03
1.46200e+04 3.22725e+03
1.46351e+04 3.22722e+03
1.46501e+04 3.22720e+03
1.46651e+04 3.22718e+03
1.46801e+04 3.22715e+03
1.46951e+04 3.22713e+03
1.47101e+04 3.22710e+03
1.47251e+04 3.22709e+03
1.47401e+04 3.22709e+03
1.47551e+04 3.22712e+03
1.47701e+04 3.22714e+03
1.47851e+04 3.22715e+03
1.48001e+04 3.22716e+03
1.48152e+04 3.22717e+03
1.48302e+04 3.22716e+03
1.48452e+04 3.22716e+03
1.48602e+04 3.22716e+03
1.48752e+04 3.22716e+03
1.48902e+04 3.22716e+03
1.49052e+04 3.22717e+03
1.49202e+04 3.22718e+03
1.49352e+04 3.22719e+03
1.49502e+04 3.22720e+03
1.49652e+04 3.22720e+03
1.49802e+04 3.22719e+03
1.49953e+04 3.22719e+03
1.50103e+04 3.22719e+03
1.50253e+04 3.22719e+03
1.50403e+04 3.22718e+03
1.50553e+04 3.22717e+03
1.50703e+04 3.22717e+03
1.50853e+04 3.22716e+03
1.51003e+04 3.22716e+03
1.51153e+04 3.22715e+03
1.51303e+04 3.22715e+03
1.51453e+04 3.22715e+03
1.51604e+04 3.22715e+03
1.51754e+04 3.22712e+03
1.51904e+04 3.22709e+03
1.52054e+04 3.22706e+03
1.52204e+04 3.22703e+03
1.52354e+04 3.22701e+03
1.52504e+04 3.22699e+03
1.52654e+04 3.22696e+03
1.52804e+04 3.22697e+03
1.52954e+04 3.22698e+03
1.53104e+04 3.22700e+03
1.53254e+04 3.22701e+03
1.53405e+04 3.22702e+03
1.53555e+04 3.22703e+03
1.53705e+04 3.22704e+03
1.53855e+04 3.22703e+03
1.54005e+04 3.22702e+03
1.54155e+04 3.22701e+03
1.54305e+04 3.22700e+03
1.54455e+04 3.22699e+03
1.54605e+04 3.22698e+03
1.54755e+04 3.22698e+03
1.54905e+04 3.22697e+03
1.55055e+04 3.22697e+03
1.55206e+04 3.22696e+03
1.55356e+04 3.22696e+03
1.55506e+04 3.22696e+03
1.55656e+04 3.22696e+03
1.55806e+04 3.22695e+03
1.55956e+04 3.22696e+03
1.56106e+04 3.22697e+03
1.56256e+04 3.22698e+03
1.56406e+04 3.22699e+03
1.56556e+04 3.22701e+03
1.56706e+04 3.22702e+03
1.56856e+04 3.22704e+03
1.57007e+04 3.22704e+03
1.57157e+04 3.22703e+03
1.57307e+04 3.22702e+03
1.57457e+04 3.22701e+03
1.57607e+04 3.22700e+03
1.57757e+04 3.22698e+03
1.57907e+04 3.22696e+03
1.58057e+04 3.22695e+03
1.58207e+04 3.22694e+03
1.58357e+04 3.22694e+03
1.58507e+04 3.22695e+03
1.58657e+04 3.22696e+03
1.58808e+04 3.22698e+03
1.58958e+04 3.22700e+03
1.59108e+04 3.22700e+03
1.59258e+04 3.22699e+03
1.59408e+04 3.22698e+03
1.59558e+04 3.22697e+03
1.59708e+04 3.22694e+03
1.59858e+04 3.22692e+03
1.60008e+04 3.22689e+03
1.60158e+04 3.22688e+03
1.60308e+04 3.22687e+03
1.60458e+04 3.22686e+03
1.60609e+04 3.22685e+03
1.60759e+04 3.22685e+03
1.60909e+04 3.22684e+03
1.61059e+04 3.22684e+03
1.61209e+04 3.22684e+03
1.61359e+04 3.22685e+03
1.61509e+04 3.22686e+03
1.61659e+04 3.22686e+03
1.61809e+04 3.22687e+03
1.61959e+04 3.22687e+03
1.62109e+04 3.22687e+03
1.62259e+04 3.22687e+03
1.62410e+04 3.22686e+03
1.62560e+04 3.22686e+03
1.62710e+04 3.22686e+03
1.62860e+04 3.22685e+03
1.63010e+04 3.22685e+03
1.63160e+04 3.22685e+03
1.63310e+04 3.22685e+03
1.63460e+04 3.22686e+03
1.63610e+04 3.22686e+03
1.63760e+04 3.22687e+03
1.63910e+04 3.22688e+03
1.64060e+04 3.22689e+03
1.64211e+04 3.22690e+03
1.64361e+04 3.22691e+03
1.64511e+04 3.22691e+03
1.64661e+04 3.22692e+03
1.64811e+04 3.22692e+03
1.64961e+04 3.22692e+03
1.65111e+04 3.22692e+03
1.65261e+04 3.22692e+03
1.65411e+04 3.22693e+03
1.65561e+04 3.22694e+03
1.65711e+04 3.22695e+03
1.65861e+04 3.22697e+03
1.66011e+04 3.22697e+03
1.66161e+04 3.22698e+03
1.66312e+04 3.22699e+03
1.66462e+04 3.22699e+03
1.66612e+04 3.22699e+03
1.66762e+04 3.22699e+03
1.66912e+04 3.22699e+03
1.67062e+04 3.22699e+03
1.67212e+04 3.22699e+03
1.67362e+04 3.22699e+03
1.67512e+04 3.22699e+03
1.67662e+04 3.22701e+03
1.67812e+04 3.22703e+03
1.67962e+04 3.22705e+03
1.68112e+04 3.22708e+03
1.68262e+04 3.22710e+03
1.68412e+04 3.22712e+03
1.68563e+04 3.22714e+03
1.68713e+04 3.22712e+03
1.68863e+04 3.22710e+03
1.69013e+04 3.22709e+03
1.69163e+04 3.22707e+03
1.69313e+04 3.22706e+03
1.69463e+04 3.22705e+03
1.69613e+04 3.22704e+03
1.69763e+04 3.22703e+03
1.69913e+04 3.22703e+03
1.70063e+04 3.22702e+03
1.70213e+04 3.22702e+03
1.70363e+04 3.22701e+03
1.70513e+04 3.22701e+03
1.70663e+04 3.22700e+03
1.70814e+04 3.22700e+03
1.70964e+04 3.22700e+03
1.71114e+04 3.22700e+03
1.71264e+04 3.22701e+03
1.71414e+04 3.22700e+03
1.71564e+04 3.22699e+03
1.71714e+04 3.22699e+03
1.71864e+04 3.22698e+03
1.72014e+04 3.22696e+03
1.72164e+04 3.22695e+03
1.72314e+04 3.22695e+03
1.72464e+04 3.22695e+03
1.72614e+04 3.22696e+03
1.72764e+04 3.22697e+03
1.72914e+04 3.22697e+03
1.73065e+04 3.22695e+03
1.73215e+04 3.22693e+03
1.73365e+04 3.22690e+03
1.73515e+04 3.22688e+03
1.73665e+04 3.22685e+03
1.73815e+04 3.22681e+03
1.73965e+04 3.22678e+03
1.74115e+04 3.22679e+03
1.74265e+04 3.22680e+03
1.74415e+04 3.22681e+03
1.74565e+04 3.22681e+03
1.74715e+04 3.22682e+03
1.74865e+04 3.22682e+03
1.75015e+04 3.22682e+03
1.75165e+04 3.22681e+03
1.75316e+04 3.22681e+03
1.75466e+04 3.22680e+03
1.75616e+04 3.22680e+03
1.75766e+04 3.22680e+03
1.75916e+04 3.22679e+03
1.76066e+04 3.22679e+03
1.76216e+04 3.22678e+03
1.76366e+04 3.22676e+03
1.76516e+04 3.22675e+03
1.76666e+04 3.22674e+03
1.76816e+04 3.22672e+03
1.76966e+04 3.22671e+03
1.77116e+04 3.22669e+03
1.77266e+04 3.22670e+03
1.77416e+04 3.22671e+03
1.77566e+04 3.22671e+03
1.77717e+04 3.22672e+03
1.77867e+04 3.22673e+03
1.78017e+04 3.22673e+03
1.78167e+04 3.22674e+03
1.78317e+04 3.22673e+03
1.78467e+04 3.22671e+03
1.78617e+04 3.22669e+03
1.78767e+04 3.22667e+03
1.78917e+04 3.22666e+03
1.79067e+04 3.22664e+03
1.79217e+04 3.22662e+03
1.79367e+04 3.22661e+03
1.79517e+04 3.22662e+03
1.79667e+04 3.22663e+03
1.79817e+04 3.22664e+03
1.79968e+04 3.22665e+03
1.80118e+04 3.22665e+03
1.80268e+04 3.22666e+03
1.80418e+04 3.22665e+03
1.80568e+04 3.22663e+03
1.80718e+04 3.22661e+03
1.80868e+04 3.22660e+03
1.81018e+04 3.22658e+03
1.81168e+04 3.22657e+03
1.81318e+04 3.22655e+03
1.81468e+04 3.22655e+03
1.81618e+04 3.22654e+03
1.81768e+04 3.22653e+03
1.81918e+04 3.22652e+03
1.82068e+04 3.22651e+03
1.82219e+04 3.22650e+03
1.82369e+04 3.22649e+03
1.82519e+04 3.22648e+03
1.82669e+04 3.22649e+03
1.82819e+04 3.22649e+03
1.82969e+04 3.22650e+03
1.83119e+04 3.22650e+03
1.83269e+04 3.22651e+03
1.83419e+04 3.22651e+03
1.83569e+04 3.22651e+03
1.83719e+04 3.22652e+03
1.83869e+04 3.22652e+03
1.84019e+04 3.22652e+03
1.84169e+04 3.22652e+03
1.84319e+04 3.22653e+03
1.84470e+04 3.22653e+03
1.84620e+04 3.22654e+03
1.84770e+04 3.22654e+03
1.84920e+04 3.22655e+03
1.85070e+04 3.22656e+03
1.85220e+04 3.22656e+03
1.85370e+04 3.22656e+03
1.85520e+04 3.22656e+03
1.85670e+04 3.22655e+03
1.85820e+04 3.22654e+03
1.85970e+04 3.22653e+03
1.86120e+04 3.22652e+03
1.86270e+04 3.22651e+03
1.86420e+04 3.22650e+03
1.86570e+04 3.22650e+03
1.86721e+04 3.22650e+03
1.86871e+04 3.22649e+03
1.87021e+04 3.22649e+03
1.87171e+04 3.22649e+03
1.87321e+04 3.22649e+03
1.87471e+04 3.22649e+03
1.87621e+04 3.22649e+03
1.87771e+04 3.22650e+03
1.87921e+04 3.22650e+03
1.88071e+04 3.22650e+03
1.88221e+04 3.22650e+03
1.88371e+04 3.22650e+03
1.88521e+04 3.22650e+03
1.88671e+04 3.22650e+03
1.88821e+04 3.22650e+03
1.88971e+04 3.22649e+03
1.89122e+04 3.22648e+03
1.89272e+04 3.22647e+03
1.89422e+04 3.22647e+03
1.89572e+04 3.22646e+03
1.89722e+04 3.22645e+03
1.89872e+04 3.22645e+03
1.90022e+04 3.22645e+03
1.90172e+04 3.22645e+03
1.90322e+04 3.22645e+03
1.90472e+04 3.22645e+03
1.90622e+04 3.22646e+03
1.90772e+04 3.22645e+03
1.90922e+04 3.22644e+03
1.91072e+04 3.22644e+03
1.91222e+04 3.22642e+03
1.91373e+04 3.22639e+03
1.91523e+04 3.22637e+03
1.91673e+04 3.22635e+03
1.91823e+04 3.22633e+03
1.91973e+04 3.22631e+03
1.92123e+04 3.22629e+03
1.92273e+04 3.22629e+03
1.92423e+04 3.22629e+03
1.92573e+04 3.22630e+03
1.92723e+04 3.22631e+03
1.92873e+04 3.22631e+03
1.93023e+04 3.22632e+03
1.93173e+04 3.22632e+03
1.93323e+04 3.22633e+03
1.93473e+04 3.22634e+03
1.93624e+04 3.22634e+03
1.93774e+04 3.22635e+03
1.93924e+04 3.22636e+03
1.94074e+04 3.22636e+03
1.94224e+04 3.22636e+03
1.94374e+04 3.22637e+03
1.94524e+04 3.22637e+03
1.94674e+04 3.22638e+03
1.94824e+04 3.22640e+03
1.94974e+04 3.22641e+03
1.95124e+04 3.22642e+03
1.95274e+04 3.22644e+03
1.95424e+04 3.22645e+03
1.95574e+04 3.22645e+03
1.95724e+04 3.22644e+03
1.95875e+04 3.22643e+03
1.96025e+04 3.22642e+03
1.96175e+04 3.22641e+03
1.96325e+04 3.22639e+03
1.96475e+04 3.22637e+03
1.96625e+04 3.22637e+03
1.96775e+04 3.22636e+03
1.96925e+04 3.22635e+03
1.97075e+04 3.22635e+03
1.97225e+04 3.22634e+03
1.97375e+04 3.22634e+03
1.97525e+04 3.22634e+03
1.97675e+04 3.22634e+03
1.97825e+04 3.22634e+03
1.97975e+04 3.22634e+03
1.98126e+04 3.22634e+03
1.98276e+04 3.22634e+03
1.98426e+04 3.22634e+03
1.98576e+04 3.22634e+03
1.98726e+04 3.22634e+03
1.98876e+04 3.22634e+03
1.99026e+04 3.22634e+03
1.99176e+04 3.22634e+03
1.99326e+04 3.22635e+03
1.99476e+04 3.22636e+03
1.99626e+04 3.22636e+03
1.99776e+04 3.22636e+03
1.99926e+04 3.22635e+03
2.00076e+04 3.22634e+03
2.00226e+04 3.22633e+03
2.00376e+04 3.22631e+03
2.00527e+04 3.22630e+03
2.00677e+04 3.22628e+03
2.00827e+04 3.22627e+03
2.00977e+04 3.22627e+03
2.01127e+04 3.22627e+03
2.01277e+04 3.22627e+03
2.01427e+04 3.22627e+03
2.01577e+04 3.22627e+03
2.01727e+04 3.22627e+03
2.01877e+04 3.22626e+03
2.02027e+04 3.22626e+03
2.02177e+04 3.22626e+03
2.02327e+04 3.22626e+03
2.02477e+04 3.22626e+03
2.02627e+04 3.22625e+03
2.02778e+04 3.22625e+03
2.02928e+04 3.22625e+03
2.03078e+04 3.22625e+03
2.03228e+04 3.22625e+03
2.03378e+04 3.22626e+03
2.03528e+04 3.22626e+03
2.03678e+04 3.22627e+03
2.03828e+04 3.22627e+03
2.03978e+04 3.22628e+03
2.04128e+04 3.22629e+03
2.04278e+04 3.22629e+03
2.04428e+04 3.22630e+03
2.04578e+04 3.22629e+03
2.04728e+04 3.22629e+03
2.04878e+04 3.22629e+03
2.05029e+04 3.22629e+03
2.05179e+04 3.22628e+03
2.05329e+04 3.22626e+03
2.05479e+04 3.22623e+03
2.05629e+04 3.22621e+03
2.05779e+04 3.22618e+03
2.05929e+04 3.22616e+03
2.06079e+04 3.22613e+03
2.06229e+04 3.22611e+03
2.06380e+04 3.22611e+03
2.06530e+04 3.22611e+03
2.06680e+04 3.22612e+03
2.06830e+04 3.22612e+03
2.06980e+04 3.22613e+03
2.07130e+04 3.22615e+03
2.07281e+04 3.22615e+03
2.07431e+04 3.22613e+03
2.07581e+04 3.22610e+03
2.07731e+04 3.22608e+03
2.07881e+04 3.22606e+03
2.08031e+04 3.22605e+03
2.08182e+04 3.22603e+03
2.08332e+04 3.22602e+03
2.08482e+04 3.22602e+03
2.08632e+04 3.22602e+03
2.08782e+04 3.22601e+03
2.08932e+04 3.22601e+03
2.09083e+04 3.22600e+03
2.09233e+04 3.22600e+03
2.09383e+04 3.22599e+03
2.09533e+04 3.22598e+03
2.09683e+04 3.22598e+03
2.09833e+04 3.22597e+03
2.09983e+04 3.22597e+03
2.10134e+04 3.22597e+03
2.10284e+04 3.22596e+03
2.10434e+04 3.22596e+03
2.10584e+04 3.22593e+03
2.10734e+04 3.22590e+03
2.10884e+04 3.22588e+03
2.11035e+04 3.22585e+03
2.11185e+04 3.22583e+03
2.11335e+04 3.22581e+03
2.11485e+04 3.22578e+03
2.11635e+04 3.22578e+03
2.11785e+04 3.22578e+03
2.11936e+04 3.22579e+03
2.12086e+04 3.22579e+03
2.12236e+04 3.22580e+03
2.12386e+04 3.22580e+03
2.12536e+04 3.22580e+03
2.12686e+04 3.22580e+03
2.12837e+04 3.22578e+03
2.12987e+04 3.22576e+03
2.13137e+04 3.22575e+03
2.13287e+04 3.22573e+03
2.13437e+04 3.22572e+03
2.13587e+04 3.22570e+03
2.13738e+04 3.22568e+03
2.13888e+04 3.22567e+03
2.14038e+04 3.22566e+03
2.14188e+04 3.22564e+03
2.14338e+04 3.22563e+03
2.14488e+04 3.22561e+03
2.14639e+04 3.22559e+03
2.14789e+04 3.22557e+03
2.14939e+04 3.22555e+03
2.15089e+04 3.22554e+03
2.15239e+04 3.22552e+03
2.15389e+04 3.22550e+03
2.15539e+04 3.22549e+03
2.15690e+04 3.22547e+03
2.15840e+04 3.22545e+03
2.15990e+04 3.22543e+03
2.16140e+04 3.22541e+03
2.16290e+04 3.22540e+03
2.16440e+04 3.22538e+03
2.16591e+04 3.22537e+03
2.16741e+04 3.22535e+03
2.16891e+04 3.22534e+03
2.17041e+04 3.22535e+03
2.17191e+04 3.22536e+03
2.17341e+04 3.22538e+03
2.17492e+04 3.22539e+03
2.17642e+04 3.22541e+03
2.17792e+04 3.22543e+03
2.17942e+04 3.22545e+03
2.18092e+04 3.22543e+03
2.18242e+04 3.22541e+03
2.18393e+04 3.22537e+03
2.18543e+04 3.22534e+03
2.18693e+04 3.22531e+03
2.18843e+04 3.22528e+03
2.18993e+04 3.22526e+03
2.19143e+04 3.22525e+03
2.19294e+04 3.22524e+03
2.19444e+04 3.22523e+03
2.19594e+04 3.22522e+03
2.19744e+04 3.22520e+03
2.19894e+04 3.22519e+03
2.20044e+04 3.22517e+03
2.20194e+04 3.22515e+03
2.20345e+04 3.22514e+03
2.20495e+04 3.22512e+03
2.20645e+04 3.22510e+03
2.20795e+04 3.22507e+03
2.20945e+04 3.22505e+03
2.21095e+04 3.22502e+03
2.21246e+04 3.22500e+03
2.21396e+04 3.22499e+03
2.21546e+04 3.22498e+03
2.21696e+04 3.22497e+03
2.21846e+04 3.22496e+03
2.21996e+04 3.22495e+03
2.22147e+04 3.22494e+03
2.22297e+04 3.22493e+03
2.22447e+04 3.22492e+03
2.22597e+04 3.22492e+03
2.22747e+04 3.22492e+03
2.22897e+04 3.22492e+03
2.23048e+04 3.22492e+03
2.23198e+04 3.22493e+03
2.23348e+04 3.22493e+03
2.23498e+04 3.22492e+03
2.23648e+04 3.22491e+03
2.23798e+04 3.22488e+03
2.23949e+04 3.22485e+03
2.24099e+04 3.22483e+03
2.24249e+04 3.22481e+03
2.24399e+04 3.22479e+03
2.24549e+04 3.22476e+03
2.24699e+04 3.22474e+03
2.24849e+04 3.22472e+03
2.25000e+04 3.22469e+03
2.25150e+04 3.22467e+03
2.25300e+04 3.22465e+03
2.25450e+04 3.22462e+03
2.25600e+04 3.22460e+03
2.25750e+04 3.22459e+03
2.25901e+04 3.22457e+03
2.26051e+04 3.22456e+03
2.26201e+04 3.22454e+03
2.26351e+04 3.22453e+03
2.26501e+04 3.22452e+03
2.26651e+04 3.22451e+03
2.26802e+04 3.22450e+03
2.26952e+04 3.22450e+03
2.27102e+04 3.22449e+03
2.27252e+04 3.22449e+03
2.27402e+04 3.22449e+03
2.27552e+04 3.22450e+03
2.27703e+04 3.22449e+03
2.27853e+04 3.22448e+03
2.28003e+04 3.22447e+03
2.28153e+04 3.22446e+03
2.28303e+04 3.22445e+03
2.28453e+04 3.22444e+03
2.28604e+04 3.22443e+03
2.28754e+04 3.22443e+03
2.28904e+04 3.22442e+03
2.29054e+04 3.22440e+03
2.29204e+04 3.22439e+03
2.29354e+04 3.22436e+03
2.29505e+04 3.22433e+03
2.29655e+04 3.22430e+03
2.29805e+04 3.22428e+03
2.29955e+04 3.22426e+03
2.30105e+04 3.22424e+03
2.30255e+04 3.22423e+03
2.30405e+04 3.22421e+03
2.30556e+04 3.22420e+03
2.30706e+04 3.22418e+03
2.30856e+04 3.22417e+03
2.31006e+04 3.22416e+03
2.31156e+04 3.22414e+03
2.31306e+04 3.22413e+03
2.31457e+04 3.22411e+03
2.31607e+04 3.22410e+03
2.31757e+04 3.22408e+03
2.31907e+04 3.22406e+03
2.32057e+04 3.22406e+03
2.32207e+04 3.22406e+03
2.32358e+04 3.22405e+03
2.32508e+04 3.22405e+03
2.32658e+04 3.22404e+03
2.32808e+04 3.22404e+03
2.32958e+04 3.22403e+03
2.33108e+04 3.22401e+03
2.33259e+04 3.22400e+03
2.33409e+04 3.22398e+03
2.33559e+04 3.22396e+03
2.33709e+04 3.22395e+03
2.33859e+04 3.22394e+03
2.34009e+04 3.22393e+03
2.34160e+04 3.22391e+03
2.34310e+04 3.22389e+03
2.34460e+04 3.22387e+03
2.34610e+04 3.22385e+03
2.34760e+04 3.22382e+03
2.34910e+04 3.22380e+03
2.35060e+04 3.22377e+03
2.35211e+04 3.22375e+03
2.35361e+04 3.22374e+03
2.35511e+04 3.22374e+03
2.35661e+04 3.22373e+03
2.35811e+04 3.22372e+03
2.35961e+04 3.22372e+03
2.36112e+04 3.22371e+03
2.36262e+04 3.22370e+03
2.36412e+04 3.22368e+03
2.36562e+04 3.22366e+03
2.36712e+04 3.22365e+03
2.36862e+04 3.22363e+03
2.37013e+04 3.22361e+03
2.37163e+04 3.22359e+03
2.37313e+04 3.22357e+03
2.37463e+04 3.22357e+03
2.37613e+04 3.22357e+03
2.37763e+04 3.22357e+03
2.37914e+04 3.22357e+03
2.38064e+04 3.22356e+03
2.38214e+04 3.22356e+03
2.38364e+04 3.22355e+03
2.38514e+04 3.22353e+03
2.38664e+04 3.22351e+03
2.38815e+04 3.22350e+03
2.38965e+04 3.22348e+03
2.39115e+04 3.22347e+03
2.39265e+04 3.22346e+03
2.39415e+04 3.22345e+03
2.39565e+04 3.22344e+03
2.39715e+04 3.22342e+03
2.39866e+04 3.22340e+03
2.40016e+04 3.22337e+03
2.40166e+04 3.22335e+03
2.40316e+04 3.22333e+03
2.40466e+04 3.22331e+03
2.40616e+04 3.22331e+03
2.40767e+04 3.22330e+03
2.40917e+04 3.22330e+03
2.41067e+04 3.22329e+03
2.41217e+04 3.22328e+03
2.41367e+04 3.22327e+03
2.41517e+04 3.22326e+03
2.41668e+04 3.22324e+03
2.41818e+04 3.22323e+03
2.41968e+04 3.22322e+03
2.42118e+04 3.22321e+03
2.42268e+04 3.22320e+03
2.42418e+04 3.22318e+03
2.42569e+04 3.22317e+03
2.42719e+04 3.22316e+03
2.42869e+04 3.22315e+03
2.43019e+04 3.22313e+03
2.43169e+04 3.22312e+03
2.43319e+04 3.22311e+03
2.43470e+04 3.22309e+03
2.43620e+04 3.22307e+03
2.43770e+04 3.22306e+03
2.43920e+04 3.22304e+03
2.44070e+04 3.22302e+03
2.44220e+04 3.22300e+03
2.44371e+04 3.22298e+03
2.44521e+04 3.22297e+03
2.44671e+04 3.22296e+03
2.44821e+04 3.22295e+03
2.44971e+04 3.22293e+03
2.45121e+04 3.22292e+03
2.45271e+04 3.22290e+03
2.45422e+04 3.22289e+03
2.45572e+04 3.22288e+03
2.45722e+04 3.22286e+03
2.45872e+04 3.22285e+03
2.46022e+04 3.22283e+03
2.46172e+04 3.22282e+03
2.46323e+04 3.22281e+03
2.46473e+04 3.22280e+03
2.46623e+04 3.22278e+03
2.46773e+04 3.22277e+03
2.46923e+04 3.22276e+03
2.47073e+04 3.22275e+03
2.47224e+04 3.22274e+03
2.47374e+04 3.22273e+03
2.47524e+04 3.22272e+03
2.47674e+04 3.22271e+03
2.47824e+04 3.22270e+03
2.47974e+04 3.22269e+03
2.48125e+04 3.22267e+03
2.48275e+04 3.22264e+03
2.48425e+04 3.22261e+03
2.48575e+04 3.22257e+03
2.48725e+04 3.22254e+03
2.48875e+04 3.22250e+03
2.49026e+04 3.22247e+03
2.49176e+04 3.22245e+03
2.49326e+04 3.22245e+03
2.49476e+04 3.22245e+03
2.49626e+04 3.22244e+03
2.49776e+04 3.22243e+03
2.49926e+04 3.22242e+03
2.50077e+04 3.22241e+03
2.50227e+04 3.22240e+03
2.50377e+04 3.22238e+03
2.50527e+04 3.22238e+03
2.50677e+04 3.22237e+03
2.50827e+04 3.22237e+03
2.50978e+04 3.22238e+03
2.51128e+04 3.22239e+03
2.51278e+04 3.22239e+03
2.51428e+04 3.22236e+03
2.51578e+04 3.22232e+03
2.51728e+04 3.22229e+03
2.51879e+04 3.22226e+03
2.52029e+04 3.22222e+03
2.52179e+04 3.22219e+03
2.52329e+04 3.22216e+03
2.52479e+04 3.22215e+03
2.52629e+04 3.22214e+03
2.52780e+04 3.22214e+03
2.52930e+04 3.22213e+03
2.53080e+04 3.22213e+03
2.53230e+04 3.22213e+03
2.53380e+04 3.22213e+03
2.53530e+04 3.22213e+03
2.53681e+04 3.22212e+03
2.53831e+04 3.22211e+03
2.53981e+04 3.22210e+03
2.54131e+04 3.22209e+03
2.54281e+04 3.22208e+03
2.54431e+04 3.22206e+03
2.54582e+04 3.22203e+03
2.54732e+04 3.22201e+03
2.54882e+04 3.22199e+03
2.55032e+04 3.22197e+03
2.55182e+04 3.22194e+03
2.55332e+04 3.22193e+03
2.55482e+04 3.22191e+03
2.55633e+04 3.22189e+03
2.55783e+04 3.22188e+03
2.55933e+04 3.22186e+03
2.56083e+04 3.22185e+03
2.56233e+04 3.22184e+03
2.56383e+04 3.22184e+03
2.56534e+04 3.22183e+03
2.56684e+04 3.22182e+03
2.56834e+04 3.22180e+03
2.56984e+04 3.22178e+03
2.57134e+04 3.22176e+03
2.57284e+04 3.22174e+03
2.57435e+04 3.22173e+03
2.57585e+04 3.22172e+03
2.57735e+04 3.22171e+03
2.57885e+04 3.22170e+03
2.58035e+04 3.22170e+03
2.58185e+04 3.22169e+03
2.58336e+04 3.22168e+03
2.58486e+04 3.22166e+03
2.58636e+04 3.22165e+03
2.58786e+04 3.22163e+03
2.58936e+04 3.22160e+03
2.59086e+04 3.22158e+03
2.59237e+04 3.22155e+03
2.59387e+04 3.22152e+03
2.59537e+04 3.22149e+03
2.59687e+04 3.22147e+03
2.59837e+04 3.22145e+03
2.59987e+04 3.22145e+03
2.60137e+04 3.22145e+03
2.60288e+04 3.22144e+03
2.60438e+04 3.22143e+03
2.60588e+04 3.22142e+03
2.60738e+04 3.22141e+03
2.60888e+04 3.22139e+03
2.61038e+04 3.22137e+03
2.61189e+04 3.22135e+03
2.61339e+04 3.22133e+03
2.61489e+04 3.22131e+03
2.61639e+04 3.22129e+03
2.61789e+04 3.22127e+03
2.61939e+04 3.22126e+03
2.62090e+04 3.22125e+03
2.62240e+04 3.22125e+03
2.62390e+04 3.22124e+03
2.62540e+04 3.22124e+03
2.62690e+04 3.22123e+03
2.62840e+04 3.22122e+03
2.62991e+04 3.22121e+03
2.63141e+04 3.22119e+03
2.63291e+04 3.22117e+03
2.63441e+04 3.22114e+03
2.63591e+04 3.22111e+03
2.63741e+04 3.22108e+03
2.63892e+04 3.22105e+03
2.64042e+04 3.22101e+03
2.64192e+04 3.22098e+03
2.64342e+04 3.22097e+03
2.64492e+04 3.22097e+03
2.64642e+04 3.22096e+03
2.64792e+04 3.22096e+03
2.64943e+04 3.22096e+03
2.65093e+04 3.22096e+03
2.65243e+04 3.22095e+03
2.65393e+04 3.22092e+03
2.65543e+04 3.22089e+03
2.65693e+04 3.22087e+03
2.65844e+04 3.22084e+03
2.65994e+04 3.22082e+03
2.66144e+04 3.22080e+03
2.66294e+04 3.22078e+03
2.66444e+04 3.22078e+03
2.66594e+04 3.22077e+03
2.66745e+04 3.22076e+03
2.66895e+04 3.22075e+03
2.67045e+04 3.22074e+03
2.67195e+04 3.22073e+03
2.67345e+04 3.22071e+03
2.67495e+04 3.22070e+03
2.67646e+04 3.22068e+03
2.67796e+04 3.22067e+03
2.67946e+04 3.22066e+03
2.68096e+04 3.22065e+03
2.68246e+04 3.22063e+03
2.68396e+04 3.22062e+03
2.68547e+04 3.22060e+03
2.68697e+04 3.22058e+03
2.68847e+04 3.22056e+03
2.68997e+04 3.22054e+03
2.69147e+04 3.22051e+03
2.69297e+04 3.22049e+03
2.69448e+04 3.22047e+03
2.69598e+04 3.22045e+03
2.69748e+04 3.22044e+03
2.69898e+04 3.22043e+03
2.70048e+04 3.22042e+03
2.70198e+04 3.22041e+03
2.70348e+04 3.22041e+03
2.70499e+04 3.22040e+03
2.70649e+04 3.22038e+03
2.70799e+04 3.22034e+03
2.70949e+04 3.22030e+03
2.71099e+04 3.22027e+03
2.71249e+04 3.22025e+03
2.71400e+04 3.22022e+03
2.71550e+04 3.22021e+03
2.71700e+04 3.22020e+03
2.71850e+04 3.22020e+03
2.72000e+04 3.22019e+03
2.72150e+04 3.22019e+03
2.72301e+04 3.22019e+03
2.72451e+04 3.22018e+03
2.72601e+04 3.22018e+03
2.72751e+04 3.22017e+03
2.72901e+04 3.22016e+03
2.73051e+04 3.22015e+03
2.73202e+04 3.22013e+03
2.73352e+04 3.22012e+03
2.73502e+04 3.22010e+03
2.73652e+04 3.22008e+03
2.73802e+04 3.22006e+03
2.73952e+04 3.22005e+03
2.74103e+04 3.22004e+03
2.74253e+04 3.22002e+03
2.74403e+04 3.22001e+03
2.74553e+04 3.21999e+03
2.74703e+04 3.21998e+03
2.74853e+04 3.21996e+03
2.75003e+04 3.21995e+03
2.75154e+04 3.21994e+03
2.75304e+04 3.21995e+03
2.75454e+04 3.21995e+03
2.75604e+04 3.21996e+03
2.75754e+04 3.21997e+03
2.75904e+04 3.21999e+03
2.76055e+04 3.21998e+03
2.76205e+04 3.21994e+03
2.76355e+04 3.21989e+03
2.76505e+04 3.21985e+03
2.76655e+04 3.21982e+03
2.76805e+04 3.21978e+03
2.76956e+04 3.21975e+03
2.77106e+04 3.21974e+03
2.77256e+04 3.21973e+03
2.77406e+04 3.21971e+03
2.77556e+04 3.21970e+03
2.77706e+04 3.21969e+03
2.77857e+04 3.21968e+03
2.78007e+04 3.21966e+03
2.78157e+04 3.21965e+03
2.78308e+04 3.21963e+03
2.78458e+04 3.21962e+03
2.78608e+04 3.21960e+03
2.78758e+04 3.21959e+03
2.78909e+04 3.21958e+03
2.79059e+04 3.21957e+03
2.79209e+04 3.21956e+03
2.79360e+04 3.21954e+03
2.79510e+04 3.21953e+03
2.79660e+04 3.21951e+03
2.79811e+04 3.21949e+03
2.79961e+04 3.21947e+03
2.80111e+04 3.21945e+03
2.80262e+04 3.21944e+03
2.80412e+04 3.21945e+03
2.80562e+04 3.21946e+03
2.80713e+04 3.21947e+03
2.80863e+04 3.21948e+03
2.81013e+04 3.21949e+03
2.81164e+04 3.21951e+03
2.81314e+04 3.21951e+03
2.81464e+04 3.21949e+03
2.81615e+04 3.21947e+03
2.81765e+04 3.21944e+03
2.81915e+04 3.21941e+03
2.82066e+04 3.21938e+03
2.82216e+04 3.21936e+03
2.82366e+04 3.21933e+03
2.82517e+04 3.21933e+03
2.82667e+04 3.21932e+03
2.82817e+04 3.21932e+03
2.82968e+04 3.21931e+03
2.83118e+04 3.21931e+03
2.83268e+04 3.21930e+03
2.83418e+04 3.21929e+03
2.83569e+04 3.21928e+03
2.83719e+04 3.21927e+03
2.83869e+04 3.21926e+03
2.84020e+04 3.21924e+03
2.84170e+04 3.21923e+03
2.84320e+04 3.21921e+03
2.84471e+04 3.21919e+03
2.84621e+04 3.21919e+03
2.84771e+04 3.21919e+03
2.84922e+04 3.21919e+03
2.85072e+04 3.21919e+03
2.85222e+04 3.21919e+03
2.85373e+04 3.21919e+03
2.85523e+04 3.21918e+03
2.85673e+04 3.21918e+03
2.85824e+04 3.21917e+03
2.85974e+04 3.21916e+03
2.86124e+04 3.21915e+03
2.86275e+04 3.21914e+03
2.86425e+04 3.21913e+03
2.86575e+04 3.21912e+03
2.86726e+04 3.21911e+03
2.86876e+04 3.21911e+03
2.87026e+04 3.21910e+03
2.87177e+04 3.21910e+03
2.87327e+04 3.21909e+03
2.87477e+04 3.21909e+03
2.87627e+04 3.21909e+03
2.87778e+04 3.21907e+03
2.87928e+04 3.21904e+03
2.88078e+04 3.21902e+03
2.88229e+04 3.21900e+03
2.88379e+04 3.21898e+03
2.88529e+04 3.21896e+03
2.88680e+04 3.21894e+03
2.88830e+04 3.21893e+03
2.88980e+04 3.21892e+03
2.89131e+04 3.21891e+03
2.89281e+04 3.21890e+03
2.89431e+04 3.21889e+03
2.89582e+04 3.21887e+03
2.89732e+04 3.21886e+03
2.89882e+04 3.21885e+03
2.90033e+04 3.21884e+03
2.90183e+04 3.21883e+03
2.90333e+04 3.21882e+03
2.90484e+04 3.21881e+03
2.90634e+04 3.21880e+03
2.90784e+04 3.21880e+03
2.90935e+04 3.21879e+03
2.91085e+04 3.21878e+03
2.91235e+04 3.21877e+03
2.91386e+04 3.21875e+03
2.91536e+04 3.21874e+03
2.91686e+04 3.21872e+03
2.91836e+04 3.21870e+03
2.91987e+04 3.21868e+03
2.92137e+04 3.21868e+03
2.92287e+04 3.21868e+03
2.92438e+04 3.21868e+03
2.92588e+04 3.21868e+03
2.92738e+04 3.21868e+03
2.92889e+04 3.21868e+03
2.93039e+04 3.21868e+03
2.93189e+04 3.21866e+03
2.93340e+04 3.21865e+03
2.93490e+04 3.21865e+03
2.93640e+04 3.21864e+03
2.93791e+04 3.21864e+03
2.93941e+04 3.21864e+03
2.94091e+04 3.21863e+03
2.94242e+04 3.21863e+03
2.94392e+04 3.21863e+03
2.94542e+04 3.21863e+03
2.94693e+04 3.21862e+03
2.94843e+04 3.21861e+03
2.94993e+04 3.21861e+03
2.95144e+04 3.21860e+03
2.95294e+04 3.21859e+03
2.95444e+04 3.21859e+03
2.95595e+04 3.21859e+03
2.95745e+04 3.21859e+03
2.95895e+04 3.21859e+03
2.96045e+04 3.21860e+03
2.96196e+04 3.21860e+03
2.96346e+04 3.21858e+03
2.96496e+04 3.21857e+03
2.96647e+04 3.21855e+03
2.96797e+04 3.21853e+03
2.96947e+04 3.21852e+03
2.97098e+04 3.21851e+03
2.97248e+04 3.21850e+03
2.97398e+04 3.21849e+03
2.97549e+04 3.21848e+03
2.97699e+04 3.21848e+03
2.97849e+04 3.21847e+03
2.98000e+04 3.21847e+03
2.98150e+04 3.21846e+03
2.98300e+04 3.21846e+03
2.98451e+04 3.21846e+03
2.98601e+04 3.21845e+03
2.98751e+04 3.21845e+03
2.98902e+04 3.21844e+03
2.99052e+04 3.21843e+03
2.99202e+04 3.21842e+03
2.99353e+04 3.21840e+03
2.99503e+04 3.21838e+03
2.99653e+04 3.21836e+03
2.99804e+04 3.21834e+03
2.99954e+04 3.21832e+03
3.00104e+04 3.21830e+03
3.00255e+04 3.21828e+03
3.00405e+04 3.21825e+03
3.00555e+04 3.21825e+03
3.00705e+04 3.21825e+03
3.00856e+04 3.21825e+03
