# 4004
-3.00907e+04 1.81615e-01
-3.00757e+04 1.81464e-01
-3.00607e+04 1.81313e-01
-3.00457e+04 1.81162e-01
-3.00307e+04 1.81011e-01
-3.00157e+04 1.80860e-01
-3.00007e+04 1.80709e-01
-2.99857e+04 1.80558e-01
-2.99707e+04 1.80407e-01
-2.99557e+04 1.80256e-01
-2.99407e+04 1.80105e-01
-2.99257e+04 1.79954e-01
-2.99107e+04 1.79803e-01
-2.98957e+04 1.79653e-01
-2.98807e+04 1.79502e-01
-2.98657e+04 1.79351e-01
-2.98507e+04 1.79200e-01
-2.98356e+04 1.79049e-01
-2.98206e+04 1.78898e-01
-2.98056e+04 1.78747e-01
-2.97906e+04 1.78596e-01
-2.97756e+04 1.78445e-01
-2.97606e+04 1.78294e-01
-2.97456e+04 1.78143e-01
-2.97306e+04 1.77992e-01
-2.97156e+04 1.77841e-01
-2.97006e+04 1.77690e-01
-2.96856e+04 1.77539e-01
-2.96706e+04 1.77388e-01
-2.96556e+04 1.77237e-01
-2.96406e+04 1.77086e-01
-2.96256e+04 1.76935e-01
-2.96106e+04 1.76784e-01
-2.95956e+04 1.76634e-01
-2.95806e+04 1.76483e-01
-2.95656e+04 1.76332e-01
-2.95506e+04 1.76181e-01
-2.95356e+04 1.76030e-01
-2.95206e+04 1.75879e-01
-2.95055e+04 1.75728e-01
-2.94905e+04 1.75577e-01
-2.94755e+04 1.75426e-01
-2.94605e+04 1.75275e-01
-2.94455e+04 1.75124e-01
-2.94305e+04 1.74973e-01
-2.94155e+04 1.74822e-01
-2.94005e+04 1.74671e-01
-2.93855e+04 1.74520e-01
-2.93705e+04 1.74369e-01
-2.93555e+04 1.74218e-01
-2.93405e+04 1.74067e-01
-2.93255e+04 1.73916e-01
-2.93105e+04 1.73765e-01
-2.92955e+04 1.73614e-01
-2.92805e+04 1.73464e-01
-2.92655e+04 1.73313e-01
-2.92505e+04 1.73162e-01
-2.92355e+04 1.73011e-01
-2.92205e+04 1.72860e-01
-2.92055e+04 1.72709e-01
-2.91904e+04 1.72558e-01
-2.91754e+04 1.72407e-01
-2.91604e+04 1.72256e-01
-2.91454e+04 1.72105e-01
-2.91304e+04 1.71954e-01
-2.91154e+04 1.71803e-01
-2.91004e+04 1.71652e-01
-2.90854e+04 1.71501e-01
-2.90704e+04 1.71350e-01
-2.90554e+04 1.71199e-01
-2.90404e+04 1.71048e-01
-2.90254e+04 1.70907e-01
-2.90104e+04 1.70765e-01
-2.89953e+04 1.70623e-01
-2.89803e+04 1.70481e-01
-2.89653e+04 1.70340e-01
-2.89503e+04 1.70198e-01
-2.89353e+04 1.70056e-01
-2.89203e+04 1.69915e-01
-2.89052e+04 1.69773e-01
-2.88902e+04 1.69631e-01
-2.88752e+04 1.69489e-01
-2.88602e+04 1.69348e-01
-2.88452e+04 1.69206e-01
-2.88301e+04 1.69064e-01
-2.88151e+04 1.68923e-01
-2.88001e+04 1.68781e-01
-2.87851e+04 1.68639e-01
-2.87701e+04 1.68498e-01
-2.87550e+04 1.68356e-01
-2.87400e+04 1.68214e-01
-2.87250e+04 1.68072e-01
-2.87100e+04 1.67931e-01
-2.86950e+04 1.67789e-01
-2.86799e+04 1.67647e-01
-2.86649e+04 1.67506e-01
-2.86499e+04 1.67364e-01
-2.86349e+04 1.67222e-01
-2.86199e+04 1.67080e-01
-2.86048e+04 1.66939e-01
-2.85898e+04 1.66797e-01
-2.85748e+04 1.66655e-01
-2.85598e+04 1.66514e-01
-2.85448e+04 1.66372e-01
-2.85298e+04 1.66230e-01
-2.85147e+04 1.66088e-01
-2.84997e+04 1.65947e-01
-2.84847e+04 1.65805e-01
-2.84697e+04 1.65663e-01
-2.84547e+04 1.65522e-01
-2.84396e+04 1.65380e-01
-2.84246e+04 1.65238e-01
-2.84096e+04 1.65097e-01
-2.83946e+04 1.64955e-01
-2.83796e+04 1.64813e-01
-2.83645e+04 1.64671e-01
-2.83495e+04 1.64530e-01
-2.83345e+04 1.64388e-01
-2.83195e+04 1.64246e-01
-2.83045e+04 1.64105e-01
-2.82894e+04 1.63963e-01
-2.82744e+04 1.63821e-01
-2.82594e+04 1.63679e-01
-2.82444e+04 1.63538e-01
-2.82294e+04 1.63396e-01
-2.82143e+04 1.63254e-01
-2.81993e+04 1.63113e-01
-2.81843e+04 1.62971e-01
-2.81693e+04 1.62829e-01
-2.81543e+04 1.62687e-01
-2.81393e+04 1.62546e-01
-2.81242e+04 1.62404e-01
-2.81092e+04 1.62262e-01
-2.80942e+04 1.62121e-01
-2.80792e+04 1.61979e-01
-2.80642e+04 1.61837e-01
-2.80491e+04 1.61695e-01
-2.80341e+04 1.61554e-01
-2.80191e+04 1.61412e-01
-2.80041e+04 1.61270e-01
-2.79891e+04 1.61129e-01
-2.79740e+04 1.60987e-01
-2.79590e+04 1.60845e-01
-2.79440e+04 1.60704e-01
-2.79290e+04 1.60562e-01
-2.79140e+04 1.60420e-01
-2.78989e+04 1.60278e-01
-2.78839e+04 1.60137e-01
-2.78689e+04 1.59995e-01
-2.78539e+04 1.59853e-01
-2.78389e+04 1.59712e-01
-2.78239e+04 1.59570e-01
-2.78088e+04 1.59428e-01
-2.77938e+04 1.59286e-01
-2.77788e+04 1.59145e-01
-2.77638e+04 1.59003e-01
-2.77488e+04 1.58861e-01
-2.77337e+04 1.58720e-01
-2.77187e+04 1.58578e-01
-2.77037e+04 1.58442e-01
-2.76887e+04 1.58316e-01
-2.76737e+04 1.58190e-01
-2.76586e+04 1.58064e-01
-2.76436e+04 1.57938e-01
-2.76286e+04 1.57811e-01
-2.76136e+04 1.57685e-01
-2.75986e+04 1.57559e-01
-2.75835e+04 1.57433e-01
-2.75685e+04 1.57307e-01
-2.75535e+04 1.57181e-01
-2.75385e+04 1.57055e-01
-2.75235e+04 1.56928e-01
-2.75084e+04 1.56802e-01
-2.74934e+04 1.56676e-01
-2.74784e+04 1.56550e-01
-2.74634e+04 1.56424e-01
-2.74484e+04 1.56298e-01
-2.74334e+04 1.56172e-01
-2.74183e+04 1.56045e-01
-2.74033e+04 1.55919e-01
-2.73883e+04 1.55793e-01
-2.73733e+04 1.55667e-01
-2.73583e+04 1.55541e-01
-2.73432e+04 1.55415e-01
-2.73282e+04 1.55289e-01
-2.73132e+04 1.55162e-01
-2.72982e+04 1.55036e-01
-2.72832e+04 1.54910e-01
-2.72681e+04 1.54784e-01
-2.72531e+04 1.54658e-01
-2.72381e+04 1.54532e-01
-2.72231e+04 1.54406e-01
-2.72081e+04 1.54279e-01
-2.71930e+04 1.54153e-01
-2.71780e+04 1.54027e-01
-2.71630e+04 1.53901e-01
-2.71480e+04 1.53775e-01
-2.71330e+04 1.53649e-01
-2.71180e+04 1.53523e-01
-2.71029e+04 1.53396e-01
-2.70879e+04 1.53270e-01
-2.70729e+04 1.53144e-01
-2.70579e+04 1.53018e-01
-2.70429e+04 1.52892e-01
-2.70278e+04 1.52766e-01
-2.70128e+04 1.52640e-01
-2.69978e+04 1.52513e-01
-2.69828e+04 1.52387e-01
-2.69678e+04 1.52261e-01
-2.69527e+04 1.52135e-01
-2.69377e+04 1.52009e-01
-2.69227e+04 1.51883e-01
-2.69077e+04 1.51757e-01
-2.68927e+04 1.51630e-01
-2.68776e+04 1.51504e-01
-2.68626e+04 1.51378e-01
-2.68476e+04 1.51252e-01
-2.68326e+04 1.51126e-01
-2.68176e+04 1.51000e-01
-2.68025e+04 1.50874e-01
-2.67875e+04 1.50747e-01
-2.67725e+04 1.50621e-01
-2.67575e+04 1.50495e-01
-2.67425e+04 1.50369e-01
-2.67275e+04 1.50243e-01
-2.67124e+04 1.50117e-01
-2.66974e+04 1.49991e-01
-2.66824e+04 1.49864e-01
-2.66674e+04 1.49738e-01
-2.66524e+04 1.49612e-01
-2.66373e+04 1.49486e-01
-2.66223e+04 1.49360e-01
-2.66073e+04 1.49234e-01
-2.65923e+04 1.49108e-01
-2.65773e+04 1.48982e-01
-2.65622e+04 1.48855e-01
-2.65472e+04 1.48729e-01
-2.65322e+04 1.48603e-01
-2.65172e+04 1.48477e-01
-2.65022e+04 1.48351e-01
-2.64871e+04 1.48225e-01
-2.64721e+04 1.48099e-01
-2.64571e+04 1.47972e-01
-2.64421e+04 1.47846e-01
-2.64271e+04 1.47720e-01
-2.64120e+04 1.47594e-01
-2.63970e+04 1.47468e-01
-2.63820e+04 1.47342e-01
-2.63670e+04 1.47216e-01
-2.63520e+04 1.47089e-01
-2.63370e+04 1.46963e-01
-2.63219e+04 1.46837e-01
-2.63069e+04 1.46711e-01
-2.62919e+04 1.46585e-01
-2.62769e+04 1.46459e-01
-2.62619e+04 1.46333e-01
-2.62468e+04 1.46206e-01
-2.62318e+04 1.46080e-01
-2.62168e+04 1.45954e-01
-2.62018e+04 1.45828e-01
-2.61868e+04 1.45702e-01
-2.61717e+04 1.45576e-01
-2.61567e+04 1.45450e-01
-2.61417e+04 1.45323e-01
-2.61267e+04 1.45197e-01
-2.61117e+04 1.45071e-01
-2.60966e+04 1.44945e-01
-2.60816e+04 1.44819e-01
-2.60666e+04 1.44693e-01
-2.60516e+04 1.44567e-01
-2.60366e+04 1.44440e-01
-2.60216e+04 1.44314e-01
-2.60065e+04 1.44188e-01
-2.59915e+04 1.44062e-01
-2.59765e+04 1.43936e-01
-2.59615e+04 1.43810e-01
-2.59465e+04 1.43684e-01
-2.59314e+04 1.43557e-01
-2.59164e+04 1.43431e-01
-2.59014e+04 1.43305e-01
-2.58864e+04 1.43179e-01
-2.58714e+04 1.43053e-01
-2.58563e+04 1.42927e-01
-2.58413e+04 1.42801e-01
-2.58263e+04 1.42674e-01
-2.58113e+04 1.42548e-01
-2.57963e+04 1.42422e-01
-2.57812e+04 1.42296e-01
-2.57662e+04 1.42170e-01
-2.57512e+04 1.42044e-01
-2.57362e+04 1.41918e-01
-2.57212e+04 1.41791e-01
-2.57061e+04 1.41665e-01
-2.56911e+04 1.41539e-01
-2.56761e+04 1.41413e-01
-2.56611e+04 1.41287e-01
-2.56461e+04 1.41161e-01
-2.56311e+04 1.41035e-01
-2.56160e+04 1.40908e-01
-2.56010e+04 1.40782e-01
-2.55860e+04 1.40656e-01
-2.55710e+04 1.40530e-01
-2.55560e+04 1.40404e-01
-2.55409e+04 1.40278e-01
-2.55259e+04 1.40152e-01
-2.55109e+04 1.40025e-01
-2.54959e+04 1.39899e-01
-2.54809e+04 1.39773e-01
-2.54658e+04 1.39647e-01
-2.54508e+04 1.39521e-01
-2.54358e+04 1.39395e-01
-2.54208e+04 1.39269e-01
-2.54058e+04 1.39142e-01
-2.53907e+04 1.39016e-01
-2.53757e+04 1.38890e-01
-2.53607e+04 1.38764e-01
-2.53457e+04 1.38638e-01
-2.53307e+04 1.38512e-01
-2.53157e+04 1.38386e-01
-2.53006e+04 1.38258e-01
-2.52856e+04 1.38131e-01
-2.52706e+04 1.38004e-01
-2.52556e+04 1.37877e-01
-2.52406e+04 1.37749e-01
-2.52255e+04 1.37622e-01
-2.52105e+04 1.37495e-01
-2.51955e+04 1.37368e-01
-2.51805e+04 1.37240e-01
-2.51655e+04 1.37113e-01
-2.51504e+04 1.36986e-01
-2.51354e+04 1.36859e-01
-2.51204e+04 1.36731e-01
-2.51054e+04 1.36604e-01
-2.50904e+04 1.36477e-01
-2.50754e+04 1.36350e-01
-2.50603e+04 1.36222e-01
-2.50453e+04 1.36095e-01
-2.50303e+04 1.35968e-01
-2.50153e+04 1.35841e-01
-2.50003e+04 1.35713e-01
-2.49852e+04 1.35586e-01
-2.49702e+04 1.35459e-01
-2.49552e+04 1.35332e-01
-2.49402e+04 1.35205e-01
-2.49252e+04 1.35077e-01
-2.49101e+04 1.34950e-01
-2.48951e+04 1.34823e-01
-2.48801e+04 1.34696e-01
-2.48651e+04 1.34568e-01
-2.48501e+04 1.34441e-01
-2.48350e+04 1.34314e-01
-2.48200e+04 1.34187e-01
-2.48050e+04 1.34059e-01
-2.47900e+04 1.33932e-01
-2.47750e+04 1.33805e-01
-2.47600e+04 1.33678e-01
-2.47449e+04 1.33550e-01
-2.47299e+04 1.33423e-01
-2.47149e+04 1.33296e-01
-2.46999e+04 1.33169e-01
-2.46849e+04 1.33041e-01
-2.46698e+04 1.32914e-01
-2.46548e+04 1.32787e-01
-2.46398e+04 1.32660e-01
-2.46248e+04 1.32532e-01
-2.46098e+04 1.32405e-01
-2.45947e+04 1.32278e-01
-2.45797e+04 1.32151e-01
-2.45647e+04 1.32023e-01
-2.45497e+04 1.31896e-01
-2.45347e+04 1.31769e-01
-2.45197e+04 1.31642e-01
-2.45046e+04 1.31514e-01
-2.44896e+04 1.31387e-01
-2.44746e+04 1.31260e-01
-2.44596e+04 1.31133e-01
-2.44446e+04 1.31005e-01
-2.44295e+04 1.30878e-01
-2.44145e+04 1.30751e-01
-2.43995e+04 1.30624e-01
-2.43845e+04 1.30496e-01
-2.43695e+04 1.30369e-01
-2.43544e+04 1.30242e-01
-2.43394e+04 1.30115e-01
-2.43244e+04 1.29987e-01
-2.43094e+04 1.29860e-01
-2.42944e+04 1.29733e-01
-2.42794e+04 1.29606e-01
-2.42643e+04 1.29479e-01
-2.42493e+04 1.29351e-01
-2.42343e+04 1.29224e-01
-2.42193e+04 1.29097e-01
-2.42043e+04 1.28970e-01
-2.41892e+04 1.28842e-01
-2.41742e+04 1.28715e-01
-2.41592e+04 1.28588e-01
-2.41442e+04 1.28461e-01
-2.41292e+04 1.28333e-01
-2.41141e+04 1.28206e-01
-2.40991e+04 1.28079e-01
-2.40841e+04 1.27952e-01
-2.40691e+04 1.27824e-01
-2.40541e+04 1.27697e-01
-2.40391e+04 1.27570e-01
-2.40240e+04 1.27443e-01
-2.40090e+04 1.27315e-01
-2.39940e+04 1.27188e-01
-2.39790e+04 1.27061e-01
-2.39640e+04 1.26934e-01
-2.39489e+04 1.26806e-01
-2.39339e+04 1.26679e-01
-2.39189e+04 1.26552e-01
-2.39039e+04 1.26425e-01
-2.38889e+04 1.26297e-01
-2.38738e+04 1.26170e-01
-2.38588e+04 1.26043e-01
-2.38438e+04 1.25916e-01
-2.38288e+04 1.25788e-01
-2.38138e+04 1.25661e-01
-2.37988e+04 1.25534e-01
-2.37837e+04 1.25407e-01
-2.37687e+04 1.25279e-01
-2.37537e+04 1.25152e-01
-2.37387e+04 1.25025e-01
-2.37237e+04 1.24898e-01
-2.37086e+04 1.24770e-01
-2.36936e+04 1.24643e-01
-2.36786e+04 1.24516e-01
-2.36636e+04 1.24389e-01
-2.36486e+04 1.24261e-01
-2.36335e+04 1.24134e-01
-2.36185e+04 1.24007e-01
-2.36035e+04 1.23880e-01
-2.35885e+04 1.23752e-01
-2.35735e+04 1.23625e-01
-2.35585e+04 1.23498e-01
-2.35434e+04 1.23371e-01
-2.35284e+04 1.23244e-01
-2.35134e+04 1.23116e-01
-2.34984e+04 1.22989e-01
-2.34834e+04 1.22862e-01
-2.34683e+04 1.22735e-01
-2.34533e+04 1.22607e-01
-2.34383e+04 1.22480e-01
-2.34233e+04 1.22353e-01
-2.34083e+04 1.22226e-01
-2.33932e+04 1.22098e-01
-2.33782e+04 1.21971e-01
-2.33632e+04 1.21844e-01
-2.33482e+04 1.21717e-01
-2.33332e+04 1.21589e-01
-2.33182e+04 1.21462e-01
-2.33031e+04 1.21335e-01
-2.32881e+04 1.21208e-01
-2.32731e+04 1.21080e-01
-2.32581e+04 1.20953e-01
-2.32431e+04 1.20826e-01
-2.32280e+04 1.20699e-01
-2.32130e+04 1.20571e-01
-2.31980e+04 1.20444e-01
-2.31830e+04 1.20317e-01
-2.31680e+04 1.20190e-01
-2.31529e+04 1.20062e-01
-2.31379e+04 1.19935e-01
-2.31229e+04 1.19808e-01
-2.31079e+04 1.19681e-01
-2.30929e+04 1.19553e-01
-2.30779e+04 1.19426e-01
-2.30628e+04 1.19299e-01
-2.30478e+04 1.19172e-01
-2.30328e+04 1.19044e-01
-2.30178e+04 1.18917e-01
-2.30028e+04 1.18790e-01
-2.29877e+04 1.18663e-01
-2.29727e+04 1.18535e-01
-2.29577e+04 1.18408e-01
-2.29427e+04 1.18281e-01
-2.29277e+04 1.18154e-01
-2.29126e+04 1.18026e-01
-2.28976e+04 1.17899e-01
-2.28826e+04 1.17772e-01
-2.28676e+04 1.17645e-01
-2.28526e+04 1.17518e-01
-2.28375e+04 1.17390e-01
-2.28225e+04 1.17263e-01
-2.28075e+04 1.17136e-01
-2.27925e+04 1.17009e-01
-2.27775e+04 1.16881e-01
-2.27625e+04 1.16754e-01
-2.27474e+04 1.16627e-01
-2.27324e+04 1.16500e-01
-2.27174e+04 1.16372e-01
-2.27024e+04 1.16245e-01
-2.26874e+04 1.16118e-01
-2.26723e+04 1.15991e-01
-2.26573e+04 1.15863e-01
-2.26423e+04 1.15736e-01
-2.26273e+04 1.15609e-01
-2.26123e+04 1.15482e-01
-2.25972e+04 1.15354e-01
-2.25822e+04 1.15227e-01
-2.25672e+04 1.15100e-01
-2.25522e+04 1.14973e-01
-2.25372e+04 1.14845e-01
-2.25222e+04 1.14718e-01
-2.25071e+04 1.14591e-01
-2.24921e+04 1.14464e-01
-2.24771e+04 1.14336e-01
-2.24621e+04 1.14209e-01
-2.24471e+04 1.14082e-01
-2.24320e+04 1.13955e-01
-2.24170e+04 1.13827e-01
-2.24020e+04 1.13700e-01
-2.23870e+04 1.13573e-01
-2.23720e+04 1.13446e-01
-2.23569e+04 1.13318e-01
-2.23419e+04 1.13191e-01
-2.23269e+04 1.13064e-01
-2.23119e+04 1.12937e-01
-2.22969e+04 1.12809e-01
-2.22819e+04 1.12682e-01
-2.22668e+04 1.12555e-01
-2.22518e+04 1.12428e-01
-2.22368e+04 1.12300e-01
-2.22218e+04 1.12173e-01
-2.22068e+04 1.12046e-01
-2.21917e+04 1.11919e-01
-2.21767e+04 1.11792e-01
-2.21617e+04 1.11664e-01
-2.21467e+04 1.11537e-01
-2.21317e+04 1.11410e-01
-2.21166e+04 1.11283e-01
-2.21016e+04 1.11155e-01
-2.20866e+04 1.11028e-01
-2.20716e+04 1.10901e-01
-2.20566e+04 1.10774e-01
-2.20416e+04 1.10646e-01
-2.20265e+04 1.10519e-01
-2.20115e+04 1.10392e-01
-2.19965e+04 1.10265e-01
-2.19815e+04 1.10137e-01
-2.19665e+04 1.10010e-01
-2.19514e+04 1.09883e-01
-2.19364e+04 1.09756e-01
-2.19214e+04 1.09628e-01
-2.19064e+04 1.09501e-01
-2.18914e+04 1.09374e-01
-2.18763e+04 1.09247e-01
-2.18613e+04 1.09119e-01
-2.18463e+04 1.08992e-01
-2.18313e+04 1.08865e-01
-2.18163e+04 1.08738e-01
-2.18013e+04 1.08610e-01
-2.17862e+04 1.08483e-01
-2.17712e+04 1.08356e-01
-2.17562e+04 1.08229e-01
-2.17412e+04 1.08101e-01
-2.17262e+04 1.07974e-01
-2.17111e+04 1.07847e-01
-2.16961e+04 1.07720e-01
-2.16811e+04 1.07592e-01
-2.16661e+04 1.07465e-01
-2.16511e+04 1.07338e-01
-2.16360e+04 1.07211e-01
-2.16210e+04 1.07083e-01
-2.16060e+04 1.06956e-01
-2.15910e+04 1.06829e-01
-2.15760e+04 1.06702e-01
-2.15610e+04 1.06574e-01
-2.15459e+04 1.06447e-01
-2.15309e+04 1.06320e-01
-2.15159e+04 1.06193e-01
-2.15009e+04 1.06065e-01
-2.14859e+04 1.05938e-01
-2.14708e+04 1.05811e-01
-2.14558e+04 1.05684e-01
-2.14408e+04 1.05557e-01
-2.14258e+04 1.05429e-01
-2.14108e+04 1.05302e-01
-2.13957e+04 1.05175e-01
-2.13807e+04 1.05048e-01
-2.13657e+04 1.04920e-01
-2.13507e+04 1.04793e-01
-2.13357e+04 1.04666e-01
-2.13207e+04 1.04539e-01
-2.13056e+04 1.04411e-01
-2.12906e+04 1.04284e-01
-2.12756e+04 1.04157e-01
-2.12606e+04 1.04030e-01
-2.12456e+04 1.03902e-01
-2.12305e+04 1.03775e-01
-2.12155e+04 1.03648e-01
-2.12005e+04 1.03521e-01
-2.11855e+04 1.03393e-01
-2.11705e+04 1.03266e-01
-2.11554e+04 1.03139e-01
-2.11404e+04 1.03012e-01
-2.11254e+04 1.02884e-01
-2.11104e+04 1.02757e-01
-2.10954e+04 1.02630e-01
-2.10804e+04 1.02503e-01
-2.10653e+04 1.02375e-01
-2.10503e+04 1.02248e-01
-2.10353e+04 1.02121e-01
-2.10203e+04 1.01994e-01
-2.10053e+04 1.01866e-01
-2.09902e+04 1.01739e-01
-2.09752e+04 1.01612e-01
-2.09602e+04 1.01485e-01
-2.09452e+04 1.01357e-01
-2.09302e+04 1.01230e-01
-2.09151e+04 1.01103e-01
-2.09001e+04 1.00976e-01
-2.08851e+04 1.00848e-01
-2.08701e+04 1.00721e-01
-2.08551e+04 1.00594e-01
-2.08401e+04 1.00467e-01
-2.08250e+04 1.00339e-01
-2.08100e+04 1.00212e-01
-2.07950e+04 1.00085e-01
-2.07800e+04 9.99578e-02
-2.07650e+04 9.98305e-02
-2.07499e+04 9.97033e-02
-2.07349e+04 9.95760e-02
-2.07199e+04 9.94488e-02
-2.07049e+04 9.93215e-02
-2.06899e+04 9.91943e-02
-2.06748e+04 9.90670e-02
-2.06598e+04 9.89398e-02
-2.06448e+04 9.88126e-02
-2.06298e+04 9.86853e-02
-2.06148e+04 9.85581e-02
-2.05997e+04 9.84308e-02
-2.05847e+04 9.83036e-02
-2.05697e+04 9.81763e-02
-2.05547e+04 9.80491e-02
-2.05397e+04 9.79218e-02
-2.05247e+04 9.77946e-02
-2.05096e+04 9.76674e-02
-2.04946e+04 9.75401e-02
-2.04796e+04 9.74129e-02
-2.04646e+04 9.72856e-02
-2.04496e+04 9.71584e-02
-2.04345e+04 9.70311e-02
-2.04195e+04 9.69039e-02
-2.04045e+04 9.67766e-02
-2.03895e+04 9.66494e-02
-2.03745e+04 9.65221e-02
-2.03594e+04 9.63949e-02
-2.03444e+04 9.62677e-02
-2.03294e+04 9.61404e-02
-2.03144e+04 9.60260e-02
-2.02994e+04 9.59453e-02
-2.02844e+04 9.58646e-02
-2.02693e+04 9.57840e-02
-2.02543e+04 9.57033e-02
-2.02393e+04 9.56226e-02
-2.02243e+04 9.55420e-02
-2.02093e+04 9.54613e-02
-2.01942e+04 9.53806e-02
-2.01792e+04 9.53000e-02
-2.01642e+04 9.52193e-02
-2.01492e+04 9.51386e-02
-2.01342e+04 9.50579e-02
-2.01191e+04 9.49773e-02
-2.01041e+04 9.48966e-02
-2.00891e+04 9.48159e-02
-2.00741e+04 9.47353e-02
-2.00591e+04 9.46546e-02
-2.00441e+04 9.45739e-02
-2.00290e+04 9.44933e-02
-2.00140e+04 9.44126e-02
-1.99990e+04 9.43319e-02
-1.99840e+04 9.42513e-02
-1.99690e+04 9.41706e-02
-1.99539e+04 9.40899e-02
-1.99389e+04 9.40093e-02
-1.99239e+04 9.39286e-02
-1.99089e+04 9.38479e-02
-1.98939e+04 9.37673e-02
-1.98788e+04 9.36866e-02
-1.98638e+04 9.36059e-02
-1.98488e+04 9.35253e-02
-1.98338e+04 9.34446e-02
-1.98188e+04 9.33639e-02
-1.98038e+04 9.32832e-02
-1.97887e+04 9.32026e-02
-1.97737e+04 9.31219e-02
-1.97587e+04 9.30412e-02
-1.97437e+04 9.29606e-02
-1.97287e+04 9.28799e-02
-1.97136e+04 9.27992e-02
-1.96986e+04 9.27186e-02
-1.96836e+04 9.26379e-02
-1.96686e+04 9.25572e-02
-1.96536e+04 9.24766e-02
-1.96385e+04 9.23959e-02
-1.96235e+04 9.23152e-02
-1.96085e+04 9.22346e-02
-1.95935e+04 9.21539e-02
-1.95785e+04 9.20732e-02
-1.95635e+04 9.19926e-02
-1.95484e+04 9.19119e-02
-1.95334e+04 9.18312e-02
-1.95184e+04 9.17506e-02
-1.95034e+04 9.16699e-02
-1.94884e+04 9.15892e-02
-1.94733e+04 9.15086e-02
-1.94583e+04 9.14279e-02
-1.94433e+04 9.13472e-02
-1.94283e+04 9.12334e-02
-1.94133e+04 9.11195e-02
-1.93982e+04 9.10057e-02
-1.93832e+04 9.08918e-02
-1.93682e+04 9.07780e-02
-1.93532e+04 9.06642e-02
-1.93381e+04 9.05503e-02
-1.93231e+04 9.04365e-02
-1.93081e+04 9.03226e-02
-1.92931e+04 9.02088e-02
-1.92780e+04 9.00950e-02
-1.92630e+04 8.99811e-02
-1.92480e+04 8.98673e-02
-1.92330e+04 8.97534e-02
-1.92179e+04 8.96396e-02
-1.92029e+04 8.95258e-02
-1.91879e+04 8.94119e-02
-1.91729e+04 8.92981e-02
-1.91578e+04 8.91842e-02
-1.91428e+04 8.90704e-02
-1.91278e+04 8.89565e-02
-1.91128e+04 8.88427e-02
-1.90978e+04 8.87289e-02
-1.90827e+04 8.86150e-02
-1.90677e+04 8.85012e-02
-1.90527e+04 8.83873e-02
-1.90377e+04 8.82735e-02
-1.90226e+04 8.81597e-02
-1.90076e+04 8.80458e-02
-1.89926e+04 8.79320e-02
-1.89776e+04 8.78181e-02
-1.89625e+04 8.77043e-02
-1.89475e+04 8.75904e-02
-1.89325e+04 8.74766e-02
-1.89175e+04 8.73628e-02
-1.89024e+04 8.72489e-02
-1.88874e+04 8.71351e-02
-1.88724e+04 8.70212e-02
-1.88574e+04 8.69074e-02
-1.88423e+04 8.67936e-02
-1.88273e+04 8.66797e-02
-1.88123e+04 8.65659e-02
-1.87973e+04 8.64520e-02
-1.87822e+04 8.63382e-02
-1.87672e+04 8.62243e-02
-1.87522e+04 8.61105e-02
-1.87372e+04 8.59967e-02
-1.87222e+04 8.58828e-02
-1.87071e+04 8.57690e-02
-1.86921e+04 8.56551e-02
-1.86771e+04 8.55413e-02
-1.86621e+04 8.54275e-02
-1.86470e+04 8.53136e-02
-1.86320e+04 8.51998e-02
-1.86170e+04 8.50859e-02
-1.86020e+04 8.49721e-02
-1.85869e+04 8.48582e-02
-1.85719e+04 8.47444e-02
-1.85569e+04 8.46306e-02
-1.85419e+04 8.45167e-02
-1.85268e+04 8.44029e-02
-1.85118e+04 8.42890e-02
-1.84968e+04 8.41752e-02
-1.84818e+04 8.40614e-02
-1.84667e+04 8.39475e-02
-1.84517e+04 8.38337e-02
-1.84367e+04 8.37198e-02
-1.84217e+04 8.36060e-02
-1.84066e+04 8.34921e-02
-1.83916e+04 8.33783e-02
-1.83766e+04 8.32645e-02
-1.83616e+04 8.31506e-02
-1.83466e+04 8.30368e-02
-1.83315e+04 8.29229e-02
-1.83165e+04 8.28091e-02
-1.83015e+04 8.26953e-02
-1.82865e+04 8.25896e-02
-1.82714e+04 8.25046e-02
-1.82564e+04 8.24197e-02
-1.82414e+04 8.23347e-02
-1.82264e+04 8.22497e-02
-1.82113e+04 8.21648e-02
-1.81963e+04 8.20798e-02
-1.81813e+04 8.19949e-02
-1.81663e+04 8.19099e-02
-1.81512e+04 8.18249e-02
-1.81362e+04 8.17400e-02
-1.81212e+04 8.16550e-02
-1.81062e+04 8.15701e-02
-1.80911e+04 8.14851e-02
-1.80761e+04 8.14002e-02
-1.80611e+04 8.13152e-02
-1.80461e+04 8.12302e-02
-1.80310e+04 8.11453e-02
-1.80160e+04 8.10603e-02
-1.80010e+04 8.09754e-02
-1.79860e+04 8.08904e-02
-1.79710e+04 8.08054e-02
-1.79559e+04 8.07205e-02
-1.79409e+04 8.06355e-02
-1.79259e+04 8.05506e-02
-1.79109e+04 8.04656e-02
-1.78958e+04 8.03806e-02
-1.78808e+04 8.02957e-02
-1.78658e+04 8.02107e-02
-1.78508e+04 8.01258e-02
-1.78357e+04 8.00408e-02
-1.78207e+04 7.99558e-02
-1.78057e+04 7.98709e-02
-1.77907e+04 7.97859e-02
-1.77756e+04 7.97010e-02
-1.77606e+04 7.96160e-02
-1.77456e+04 7.95311e-02
-1.77306e+04 7.94461e-02
-1.77155e+04 7.93611e-02
-1.77005e+04 7.92762e-02
-1.76855e+04 7.91912e-02
-1.76705e+04 7.91063e-02
-1.76554e+04 7.90213e-02
-1.76404e+04 7.89363e-02
-1.76254e+04 7.88514e-02
-1.76104e+04 7.87664e-02
-1.75954e+04 7.86815e-02
-1.75803e+04 7.85965e-02
-1.75653e+04 7.85115e-02
-1.75503e+04 7.84266e-02
-1.75353e+04 7.83416e-02
-1.75202e+04 7.82567e-02
-1.75052e+04 7.81717e-02
-1.74902e+04 7.80867e-02
-1.74752e+04 7.80018e-02
-1.74601e+04 7.79168e-02
-1.74451e+04 7.78319e-02
-1.74301e+04 7.77469e-02
-1.74151e+04 7.76620e-02
-1.74000e+04 7.75770e-02
-1.73850e+04 7.74920e-02
-1.73700e+04 7.74071e-02
-1.73550e+04 7.73221e-02
-1.73399e+04 7.72372e-02
-1.73249e+04 7.71522e-02
-1.73099e+04 7.70672e-02
-1.72949e+04 7.69823e-02
-1.72798e+04 7.68973e-02
-1.72648e+04 7.68124e-02
-1.72498e+04 7.67274e-02
-1.72348e+04 7.66424e-02
-1.72198e+04 7.65575e-02
-1.72047e+04 7.64725e-02
-1.71897e+04 7.63876e-02
-1.71747e+04 7.63026e-02
-1.71597e+04 7.62176e-02
-1.71446e+04 7.61327e-02
-1.71296e+04 7.60477e-02
-1.71146e+04 7.59628e-02
-1.70996e+04 7.58778e-02
-1.70845e+04 7.57929e-02
-1.70695e+04 7.57079e-02
-1.70545e+04 7.56229e-02
-1.70395e+04 7.55380e-02
-1.70244e+04 7.54530e-02
-1.70094e+04 7.53681e-02
-1.69944e+04 7.52831e-02
-1.69794e+04 7.51981e-02
-1.69643e+04 7.51132e-02
-1.69493e+04 7.50282e-02
-1.69343e+04 7.49433e-02
-1.69193e+04 7.48583e-02
-1.69042e+04 7.47733e-02
-1.68892e+04 7.46884e-02
-1.68742e+04 7.46034e-02
-1.68592e+04 7.45185e-02
-1.68442e+04 7.44335e-02
-1.68291e+04 7.43486e-02
-1.68141e+04 7.42636e-02
-1.67991e+04 7.41786e-02
-1.67841e+04 7.40937e-02
-1.67690e+04 7.40087e-02
-1.67540e+04 7.39238e-02
-1.67390e+04 7.38388e-02
-1.67240e+04 7.37538e-02
-1.67089e+04 7.36689e-02
-1.66939e+04 7.35839e-02
-1.66789e+04 7.34990e-02
-1.66639e+04 7.34140e-02
-1.66488e+04 7.33290e-02
-1.66338e+04 7.32441e-02
-1.66188e+04 7.31591e-02
-1.66038e+04 7.30742e-02
-1.65887e+04 7.29892e-02
-1.65737e+04 7.29042e-02
-1.65587e+04 7.28193e-02
-1.65437e+04 7.27343e-02
-1.65286e+04 7.26494e-02
-1.65136e+04 7.25644e-02
-1.64986e+04 7.24795e-02
-1.64836e+04 7.23945e-02
-1.64686e+04 7.23095e-02
-1.64535e+04 7.22246e-02
-1.64385e+04 7.21396e-02
-1.64235e+04 7.20547e-02
-1.64085e+04 7.19697e-02
-1.63934e+04 7.18847e-02
-1.63784e+04 7.17998e-02
-1.63634e+04 7.17148e-02
-1.63484e+04 7.16299e-02
-1.63333e+04 7.15449e-02
-1.63183e+04 7.14599e-02
-1.63033e+04 7.13750e-02
-1.62883e+04 7.12900e-02
-1.62732e+04 7.12051e-02
-1.62582e+04 7.11201e-02
-1.62432e+04 7.10351e-02
-1.62282e+04 7.09502e-02
-1.62131e+04 7.08652e-02
-1.61981e+04 7.07803e-02
-1.61831e+04 7.06953e-02
-1.61681e+04 7.06104e-02
-1.61530e+04 7.05254e-02
-1.61380e+04 7.04404e-02
-1.61230e+04 7.03555e-02
-1.61080e+04 7.02705e-02
-1.60930e+04 7.01856e-02
-1.60779e+04 7.01006e-02
-1.60629e+04 7.00156e-02
-1.60479e+04 6.99307e-02
-1.60329e+04 6.98457e-02
-1.60178e+04 6.97608e-02
-1.60028e+04 6.96758e-02
-1.59878e+04 6.95908e-02
-1.59728e+04 6.95059e-02
-1.59577e+04 6.94209e-02
-1.59427e+04 6.93360e-02
-1.59277e+04 6.92510e-02
-1.59127e+04 6.91660e-02
-1.58976e+04 6.90811e-02
-1.58826e+04 6.89961e-02
-1.58676e+04 6.89112e-02
-1.58526e+04 6.88262e-02
-1.58375e+04 6.87413e-02
-1.58225e+04 6.86563e-02
-1.58075e+04 6.85713e-02
-1.57925e+04 6.84864e-02
-1.57775e+04 6.84014e-02
-1.57624e+04 6.83165e-02
-1.57474e+04 6.82315e-02
-1.57324e+04 6.81465e-02
-1.57174e+04 6.80616e-02
-1.57023e+04 6.79766e-02
-1.56873e+04 6.78917e-02
-1.56723e+04 6.78067e-02
-1.56573e+04 6.77217e-02
-1.56422e+04 6.76368e-02
-1.56272e+04 6.75518e-02
-1.56122e+04 6.74669e-02
-1.55972e+04 6.73819e-02
-1.55821e+04 6.72969e-02
-1.55671e+04 6.72120e-02
-1.55521e+04 6.71270e-02
-1.55371e+04 6.70421e-02
-1.55220e+04 6.69571e-02
-1.55070e+04 6.68722e-02
-1.54920e+04 6.67872e-02
-1.54770e+04 6.67022e-02
-1.54619e+04 6.66173e-02
-1.54469e+04 6.65323e-02
-1.54319e+04 6.64474e-02
-1.54169e+04 6.63624e-02
-1.54019e+04 6.62774e-02
-1.53868e+04 6.61925e-02
-1.53718e+04 6.61075e-02
-1.53568e+04 6.60226e-02
-1.53418e+04 6.59376e-02
-1.53267e+04 6.58526e-02
-1.53117e+04 6.57677e-02
-1.52967e+04 6.56827e-02
-1.52817e+04 6.55978e-02
-1.52666e+04 6.55128e-02
-1.52516e+04 6.54278e-02
-1.52366e+04 6.53429e-02
-1.52216e+04 6.52579e-02
-1.52065e+04 6.51730e-02
-1.51915e+04 6.50880e-02
-1.51765e+04 6.50031e-02
-1.51615e+04 6.49181e-02
-1.51464e+04 6.48331e-02
-1.51314e+04 6.47482e-02
-1.51164e+04 6.46632e-02
-1.51014e+04 6.45783e-02
-1.50863e+04 6.44933e-02
-1.50713e+04 6.44083e-02
-1.50563e+04 6.43234e-02
-1.50413e+04 6.42384e-02
-1.50263e+04 6.41535e-02
-1.50112e+04 6.40685e-02
-1.49962e+04 6.39835e-02
-1.49812e+04 6.38986e-02
-1.49662e+04 6.38136e-02
-1.49511e+04 6.37287e-02
-1.49361e+04 6.36437e-02
-1.49211e+04 6.35587e-02
-1.49061e+04 6.34738e-02
-1.48910e+04 6.33888e-02
-1.48760e+04 6.33039e-02
-1.48610e+04 6.32189e-02
-1.48460e+04 6.31340e-02
-1.48309e+04 6.30490e-02
-1.48159e+04 6.29640e-02
-1.48009e+04 6.28791e-02
-1.47859e+04 6.27941e-02
-1.47708e+04 6.27092e-02
-1.47558e+04 6.26242e-02
-1.47408e+04 6.25392e-02
-1.47258e+04 6.24543e-02
-1.47107e+04 6.23693e-02
-1.46957e+04 6.22844e-02
-1.46807e+04 6.21994e-02
-1.46657e+04 6.21144e-02
-1.46507e+04 6.20295e-02
-1.46356e+04 6.19445e-02
-1.46206e+04 6.18596e-02
-1.46056e+04 6.17746e-02
-1.45906e+04 6.16896e-02
-1.45755e+04 6.16047e-02
-1.45605e+04 6.15197e-02
-1.45455e+04 6.14348e-02
-1.45305e+04 6.13498e-02
-1.45154e+04 6.12649e-02
-1.45004e+04 6.11799e-02
-1.44854e+04 6.10949e-02
-1.44704e+04 6.10100e-02
-1.44553e+04 6.09250e-02
-1.44403e+04 6.08401e-02
-1.44253e+04 6.07551e-02
-1.44103e+04 6.06701e-02
-1.43952e+04 6.05852e-02
-1.43802e+04 6.05002e-02
-1.43652e+04 6.04153e-02
-1.43502e+04 6.03303e-02
-1.43351e+04 6.02453e-02
-1.43201e+04 6.01604e-02
-1.43051e+04 6.00754e-02
-1.42901e+04 5.99905e-02
-1.42751e+04 5.99055e-02
-1.42600e+04 5.98206e-02
-1.42450e+04 5.97356e-02
-1.42300e+04 5.96506e-02
-1.42150e+04 5.95657e-02
-1.41999e+04 5.94807e-02
-1.41849e+04 5.93958e-02
-1.41699e+04 5.93108e-02
-1.41549e+04 5.92258e-02
-1.41398e+04 5.91409e-02
-1.41248e+04 5.90559e-02
-1.41098e+04 5.89710e-02
-1.40948e+04 5.88860e-02
-1.40797e+04 5.88010e-02
-1.40647e+04 5.87317e-02
-1.40497e+04 5.86665e-02
-1.40347e+04 5.86012e-02
-1.40196e+04 5.85360e-02
-1.40046e+04 5.84708e-02
-1.39896e+04 5.84056e-02
-1.39746e+04 5.83403e-02
-1.39595e+04 5.82751e-02
-1.39445e+04 5.82099e-02
-1.39295e+04 5.81447e-02
-1.39145e+04 5.80794e-02
-1.38995e+04 5.80142e-02
-1.38844e+04 5.79490e-02
-1.38694e+04 5.78838e-02
-1.38544e+04 5.78185e-02
-1.38394e+04 5.77533e-02
-1.38243e+04 5.76881e-02
-1.38093e+04 5.76228e-02
-1.37943e+04 5.75576e-02
-1.37793e+04 5.74924e-02
-1.37642e+04 5.74272e-02
-1.37492e+04 5.73619e-02
-1.37342e+04 5.72967e-02
-1.37192e+04 5.72315e-02
-1.37041e+04 5.71663e-02
-1.36891e+04 5.71010e-02
-1.36741e+04 5.70358e-02
-1.36591e+04 5.69706e-02
-1.36440e+04 5.69054e-02
-1.36290e+04 5.68401e-02
-1.36140e+04 5.67749e-02
-1.35990e+04 5.67097e-02
-1.35839e+04 5.66445e-02
-1.35689e+04 5.65792e-02
-1.35539e+04 5.65140e-02
-1.35389e+04 5.64488e-02
-1.35239e+04 5.63836e-02
-1.35088e+04 5.63183e-02
-1.34938e+04 5.62531e-02
-1.34788e+04 5.61879e-02
-1.34638e+04 5.61226e-02
-1.34487e+04 5.60574e-02
-1.34337e+04 5.59922e-02
-1.34187e+04 5.59270e-02
-1.34037e+04 5.58617e-02
-1.33886e+04 5.57837e-02
-1.33736e+04 5.57056e-02
-1.33585e+04 5.56276e-02
-1.33435e+04 5.55495e-02
-1.33284e+04 5.54714e-02
-1.33134e+04 5.53934e-02
-1.32983e+04 5.53153e-02
-1.32833e+04 5.52373e-02
-1.32682e+04 5.51592e-02
-1.32532e+04 5.50811e-02
-1.32381e+04 5.50031e-02
-1.32231e+04 5.49250e-02
-1.32080e+04 5.48470e-02
-1.31930e+04 5.47689e-02
-1.31779e+04 5.46908e-02
-1.31629e+04 5.46128e-02
-1.31478e+04 5.45347e-02
-1.31328e+04 5.44567e-02
-1.31177e+04 5.43786e-02
-1.31027e+04 5.43005e-02
-1.30876e+04 5.42225e-02
-1.30726e+04 5.41444e-02
-1.30575e+04 5.40664e-02
-1.30425e+04 5.39883e-02
-1.30274e+04 5.39102e-02
-1.30124e+04 5.38322e-02
-1.29973e+04 5.37541e-02
-1.29823e+04 5.36760e-02
-1.29672e+04 5.35980e-02
-1.29522e+04 5.35199e-02
-1.29371e+04 5.34419e-02
-1.29221e+04 5.33638e-02
-1.29070e+04 5.32857e-02
-1.28920e+04 5.32077e-02
-1.28769e+04 5.31296e-02
-1.28619e+04 5.30516e-02
-1.28468e+04 5.29735e-02
-1.28318e+04 5.28954e-02
-1.28167e+04 5.28174e-02
-1.28017e+04 5.27393e-02
-1.27866e+04 5.26613e-02
-1.27716e+04 5.25832e-02
-1.27565e+04 5.25051e-02
-1.27415e+04 5.24271e-02
-1.27264e+04 5.23490e-02
-1.27114e+04 5.22710e-02
-1.26963e+04 5.21929e-02
-1.26813e+04 5.21148e-02
-1.26662e+04 5.20368e-02
-1.26512e+04 5.19587e-02
-1.26361e+04 5.18807e-02
-1.26211e+04 5.18026e-02
-1.26060e+04 5.17245e-02
-1.25910e+04 5.16465e-02
-1.25759e+04 5.15684e-02
-1.25609e+04 5.14904e-02
-1.25458e+04 5.14123e-02
-1.25308e+04 5.13342e-02
-1.25157e+04 5.12562e-02
-1.25007e+04 5.11781e-02
-1.24856e+04 5.11001e-02
-1.24706e+04 5.10220e-02
-1.24555e+04 5.09439e-02
-1.24405e+04 5.08659e-02
-1.24254e+04 5.07878e-02
-1.24104e+04 5.07098e-02
-1.23953e+04 5.06317e-02
-1.23803e+04 5.05536e-02
-1.23653e+04 5.04756e-02
-1.23502e+04 5.03975e-02
-1.23352e+04 5.03194e-02
-1.23201e+04 5.02414e-02
-1.23051e+04 5.01633e-02
-1.22900e+04 5.00853e-02
-1.22750e+04 5.00072e-02
-1.22599e+04 4.99291e-02
-1.22449e+04 4.98511e-02
-1.22298e+04 4.97730e-02
-1.22148e+04 4.96950e-02
-1.21997e+04 4.96169e-02
-1.21847e+04 4.95388e-02
-1.21696e+04 4.94608e-02
-1.21546e+04 4.93827e-02
-1.21395e+04 4.93047e-02
-1.21245e+04 4.92266e-02
-1.21094e+04 4.91485e-02
-1.20944e+04 4.90705e-02
-1.20793e+04 4.89924e-02
-1.20643e+04 4.89144e-02
-1.20492e+04 4.88363e-02
-1.20342e+04 4.87582e-02
-1.20191e+04 4.86802e-02
-1.20041e+04 4.86021e-02
-1.19890e+04 4.85241e-02
-1.19740e+04 4.84460e-02
-1.19589e+04 4.83679e-02
-1.19439e+04 4.82899e-02
-1.19288e+04 4.82118e-02
-1.19138e+04 4.81338e-02
-1.18987e+04 4.80557e-02
-1.18837e+04 4.79776e-02
-1.18686e+04 4.78996e-02
-1.18536e+04 4.78215e-02
-1.18385e+04 4.77435e-02
-1.18235e+04 4.76654e-02
-1.18084e+04 4.75873e-02
-1.17934e+04 4.75093e-02
-1.17783e+04 4.74312e-02
-1.17633e+04 4.73532e-02
-1.17482e+04 4.72751e-02
-1.17332e+04 4.71970e-02
-1.17181e+04 4.71190e-02
-1.17031e+04 4.70409e-02
-1.16880e+04 4.69628e-02
-1.16730e+04 4.68848e-02
-1.16579e+04 4.68067e-02
-1.16429e+04 4.67287e-02
-1.16278e+04 4.66506e-02
-1.16128e+04 4.65725e-02
-1.15977e+04 4.64945e-02
-1.15827e+04 4.64164e-02
-1.15676e+04 4.63384e-02
-1.15526e+04 4.62603e-02
-1.15375e+04 4.61822e-02
-1.15225e+04 4.61042e-02
-1.15074e+04 4.60261e-02
-1.14924e+04 4.59481e-02
-1.14773e+04 4.58700e-02
-1.14623e+04 4.57919e-02
-1.14472e+04 4.57139e-02
-1.14322e+04 4.56358e-02
-1.14171e+04 4.55578e-02
-1.14021e+04 4.54797e-02
-1.13870e+04 4.54016e-02
-1.13720e+04 4.53236e-02
-1.13569e+04 4.52455e-02
-1.13419e+04 4.51675e-02
-1.13268e+04 4.50894e-02
-1.13118e+04 4.50113e-02
-1.12967e+04 4.49333e-02
-1.12817e+04 4.48552e-02
-1.12666e+04 4.47772e-02
-1.12516e+04 4.46991e-02
-1.12365e+04 4.46210e-02
-1.12215e+04 4.45430e-02
-1.12064e+04 4.44649e-02
-1.11914e+04 4.43869e-02
-1.11763e+04 4.43088e-02
-1.11613e+04 4.42307e-02
-1.11462e+04 4.41527e-02
-1.11312e+04 4.40746e-02
-1.11161e+04 4.39966e-02
-1.11011e+04 4.39185e-02
-1.10861e+04 4.38404e-02
-1.10710e+04 4.37624e-02
-1.10560e+04 4.36843e-02
-1.10409e+04 4.36063e-02
-1.10259e+04 4.35282e-02
-1.10108e+04 4.34501e-02
-1.09958e+04 4.33721e-02
-1.09807e+04 4.32940e-02
-1.09657e+04 4.32159e-02
-1.09506e+04 4.31379e-02
-1.09356e+04 4.30598e-02
-1.09205e+04 4.29818e-02
-1.09055e+04 4.29037e-02
-1.08904e+04 4.28256e-02
-1.08754e+04 4.27476e-02
-1.08603e+04 4.26695e-02
-1.08453e+04 4.25915e-02
-1.08302e+04 4.25134e-02
-1.08152e+04 4.24353e-02
-1.08001e+04 4.23573e-02
-1.07851e+04 4.22792e-02
-1.07700e+04 4.22012e-02
-1.07550e+04 4.21231e-02
-1.07399e+04 4.20450e-02
-1.07249e+04 4.19670e-02
-1.07098e+04 4.18889e-02
-1.06948e+04 4.18109e-02
-1.06797e+04 4.17328e-02
-1.06647e+04 4.16547e-02
-1.06496e+04 4.15767e-02
-1.06346e+04 4.14986e-02
-1.06195e+04 4.14206e-02
-1.06045e+04 4.13425e-02
-1.05894e+04 4.12644e-02
-1.05744e+04 4.11864e-02
-1.05593e+04 4.11083e-02
-1.05443e+04 4.10303e-02
-1.05292e+04 4.09522e-02
-1.05142e+04 4.08741e-02
-1.04991e+04 4.07961e-02
-1.04841e+04 4.07180e-02
-1.04690e+04 4.06400e-02
-1.04540e+04 4.05619e-02
-1.04389e+04 4.04838e-02
-1.04239e+04 4.04058e-02
-1.04088e+04 4.03277e-02
-1.03938e+04 4.02432e-02
-1.03787e+04 4.01588e-02
-1.03636e+04 4.00743e-02
-1.03486e+04 3.99898e-02
-1.03335e+04 3.99054e-02
-1.03184e+04 3.98209e-02
-1.03034e+04 3.97364e-02
-1.02883e+04 3.96520e-02
-1.02733e+04 3.95675e-02
-1.02582e+04 3.94830e-02
-1.02431e+04 3.93986e-02
-1.02281e+04 3.93141e-02
-1.02130e+04 3.92296e-02
-1.01979e+04 3.91451e-02
-1.01829e+04 3.90607e-02
-1.01678e+04 3.89762e-02
-1.01528e+04 3.88917e-02
-1.01377e+04 3.88073e-02
-1.01226e+04 3.87228e-02
-1.01076e+04 3.86383e-02
-1.00925e+04 3.85539e-02
-1.00774e+04 3.84694e-02
-1.00624e+04 3.83849e-02
-1.00473e+04 3.83005e-02
-1.00323e+04 3.82160e-02
-1.00172e+04 3.81315e-02
-1.00021e+04 3.80470e-02
-9.98706e+03 3.79626e-02
-9.97200e+03 3.78781e-02
-9.95694e+03 3.77936e-02
-9.94187e+03 3.77092e-02
-9.92681e+03 3.76247e-02
-9.91175e+03 3.75402e-02
-9.89668e+03 3.74558e-02
-9.88162e+03 3.73713e-02
-9.86656e+03 3.72868e-02
-9.85150e+03 3.72024e-02
-9.83643e+03 3.71179e-02
-9.82137e+03 3.70334e-02
-9.80631e+03 3.69490e-02
-9.79124e+03 3.68645e-02
-9.77618e+03 3.67800e-02
-9.76112e+03 3.66955e-02
-9.74605e+03 3.66111e-02
-9.73099e+03 3.65266e-02
-9.71593e+03 3.64421e-02
-9.70087e+03 3.63577e-02
-9.68580e+03 3.62732e-02
-9.67074e+03 3.61887e-02
-9.65568e+03 3.61043e-02
-9.64061e+03 3.60198e-02
-9.62555e+03 3.59353e-02
-9.61049e+03 3.58509e-02
-9.59542e+03 3.57664e-02
-9.58036e+03 3.56819e-02
-9.56530e+03 3.55974e-02
-9.55024e+03 3.55130e-02
-9.53517e+03 3.54285e-02
-9.52011e+03 3.53440e-02
-9.50505e+03 3.52596e-02
-9.48998e+03 3.51751e-02
-9.47492e+03 3.50906e-02
-9.45986e+03 3.50062e-02
-9.44479e+03 3.49217e-02
-9.42973e+03 3.48372e-02
-9.41467e+03 3.47528e-02
-9.39961e+03 3.46683e-02
-9.38454e+03 3.45838e-02
-9.36948e+03 3.44994e-02
-9.35442e+03 3.44149e-02
-9.33935e+03 3.43304e-02
-9.32429e+03 3.42459e-02
-9.30923e+03 3.41615e-02
-9.29416e+03 3.40770e-02
-9.27910e+03 3.39996e-02
-9.26404e+03 3.39352e-02
-9.24898e+03 3.38708e-02
-9.23391e+03 3.38064e-02
-9.21885e+03 3.37419e-02
-9.20379e+03 3.36775e-02
-9.18872e+03 3.36131e-02
-9.17366e+03 3.35487e-02
-9.15860e+03 3.34843e-02
-9.14353e+03 3.34199e-02
-9.12847e+03 3.33554e-02
-9.11341e+03 3.32910e-02
-9.09835e+03 3.32266e-02
-9.08328e+03 3.31622e-02
-9.06822e+03 3.30978e-02
-9.05316e+03 3.30334e-02
-9.03809e+03 3.29689e-02
-9.02303e+03 3.29045e-02
-9.00797e+03 3.28401e-02
-8.99291e+03 3.27757e-02
-8.97784e+03 3.27113e-02
-8.96278e+03 3.26469e-02
-8.94772e+03 3.25824e-02
-8.93265e+03 3.25180e-02
-8.91759e+03 3.24536e-02
-8.90253e+03 3.23892e-02
-8.88746e+03 3.23248e-02
-8.87240e+03 3.22604e-02
-8.85734e+03 3.21960e-02
-8.84228e+03 3.21315e-02
-8.82721e+03 3.20671e-02
-8.81215e+03 3.20027e-02
-8.79709e+03 3.19383e-02
-8.78202e+03 3.18739e-02
-8.76696e+03 3.18095e-02
-8.75190e+03 3.17450e-02
-8.73683e+03 3.16806e-02
-8.72177e+03 3.16162e-02
-8.70671e+03 3.15518e-02
-8.69165e+03 3.14874e-02
-8.67658e+03 3.14230e-02
-8.66152e+03 3.13585e-02
-8.64646e+03 3.12941e-02
-8.63139e+03 3.12297e-02
-8.61633e+03 3.11653e-02
-8.60127e+03 3.11009e-02
-8.58620e+03 3.10365e-02
-8.57114e+03 3.09720e-02
-8.55608e+03 3.09076e-02
-8.54102e+03 3.08432e-02
-8.52595e+03 3.07788e-02
-8.51089e+03 3.07144e-02
-8.49583e+03 3.06500e-02
-8.48076e+03 3.05855e-02
-8.46570e+03 3.05211e-02
-8.45064e+03 3.04567e-02
-8.43557e+03 3.03923e-02
-8.42051e+03 3.03279e-02
-8.40545e+03 3.02635e-02
-8.39039e+03 3.01991e-02
-8.37532e+03 3.01346e-02
-8.36026e+03 3.00702e-02
-8.34520e+03 3.00058e-02
-8.33013e+03 2.99414e-02
-8.31507e+03 2.98770e-02
-8.30001e+03 2.98126e-02
-8.28494e+03 2.97481e-02
-8.26988e+03 2.96837e-02
-8.25482e+03 2.96193e-02
-8.23976e+03 2.95549e-02
-8.22469e+03 2.94905e-02
-8.20963e+03 2.94261e-02
-8.19457e+03 2.93616e-02
-8.17950e+03 2.92972e-02
-8.16444e+03 2.92328e-02
-8.14938e+03 2.91684e-02
-8.13431e+03 2.91040e-02
-8.11925e+03 2.90396e-02
-8.10419e+03 2.89751e-02
-8.08913e+03 2.89107e-02
-8.07406e+03 2.88463e-02
-8.05900e+03 2.87819e-02
-8.04394e+03 2.87175e-02
-8.02887e+03 2.86531e-02
-8.01381e+03 2.85886e-02
-7.99875e+03 2.85242e-02
-7.98368e+03 2.84598e-02
-7.96862e+03 2.83954e-02
-7.95356e+03 2.83310e-02
-7.93850e+03 2.82666e-02
-7.92343e+03 2.82022e-02
-7.90837e+03 2.81377e-02
-7.89331e+03 2.80733e-02
-7.87824e+03 2.80089e-02
-7.86318e+03 2.79445e-02
-7.84812e+03 2.78801e-02
-7.83305e+03 2.78157e-02
-7.81799e+03 2.77512e-02
-7.80293e+03 2.76868e-02
-7.78787e+03 2.76224e-02
-7.77280e+03 2.75580e-02
-7.75774e+03 2.74936e-02
-7.74268e+03 2.74292e-02
-7.72761e+03 2.73647e-02
-7.71255e+03 2.73003e-02
-7.69749e+03 2.72359e-02
-7.68242e+03 2.71715e-02
-7.66736e+03 2.71071e-02
-7.65230e+03 2.70427e-02
-7.63724e+03 2.69782e-02
-7.62217e+03 2.69138e-02
-7.60711e+03 2.68494e-02
-7.59205e+03 2.67850e-02
-7.57698e+03 2.67206e-02
-7.56192e+03 2.66562e-02
-7.54686e+03 2.65917e-02
-7.53179e+03 2.65273e-02
-7.51673e+03 2.64629e-02
-7.50167e+03 2.63985e-02
-7.48661e+03 2.63341e-02
-7.47154e+03 2.62697e-02
-7.45648e+03 2.62053e-02
-7.44142e+03 2.61408e-02
-7.42635e+03 2.60764e-02
-7.41122e+03 2.60052e-02
-7.39609e+03 2.59340e-02
-7.38096e+03 2.58628e-02
-7.36583e+03 2.57915e-02
-7.35069e+03 2.57203e-02
-7.33556e+03 2.56491e-02
-7.32043e+03 2.55779e-02
-7.30530e+03 2.55067e-02
-7.29017e+03 2.54355e-02
-7.27503e+03 2.53642e-02
-7.25990e+03 2.52930e-02
-7.24477e+03 2.52218e-02
-7.22964e+03 2.51506e-02
-7.21451e+03 2.50794e-02
-7.19937e+03 2.50082e-02
-7.18424e+03 2.49369e-02
-7.16911e+03 2.48657e-02
-7.15398e+03 2.47945e-02
-7.13885e+03 2.47233e-02
-7.12371e+03 2.46521e-02
-7.10858e+03 2.45808e-02
-7.09345e+03 2.45096e-02
-7.07832e+03 2.44384e-02
-7.06319e+03 2.43672e-02
-7.04805e+03 2.42960e-02
-7.03292e+03 2.42248e-02
-7.01779e+03 2.41535e-02
-7.00266e+03 2.40823e-02
-6.98753e+03 2.40111e-02
-6.97239e+03 2.39399e-02
-6.95726e+03 2.38687e-02
-6.94213e+03 2.37974e-02
-6.92700e+03 2.37262e-02
-6.91187e+03 2.36550e-02
-6.89673e+03 2.35838e-02
-6.88160e+03 2.35126e-02
-6.86647e+03 2.34414e-02
-6.85134e+03 2.33701e-02
-6.83621e+03 2.32989e-02
-6.82107e+03 2.32277e-02
-6.80594e+03 2.31565e-02
-6.79081e+03 2.30853e-02
-6.77568e+03 2.30140e-02
-6.76055e+03 2.29428e-02
-6.74541e+03 2.28716e-02
-6.73028e+03 2.28004e-02
-6.71515e+03 2.27292e-02
-6.70002e+03 2.26580e-02
-6.68489e+03 2.25867e-02
-6.66975e+03 2.25155e-02
-6.65462e+03 2.24443e-02
-6.63949e+03 2.23731e-02
-6.62436e+03 2.23019e-02
-6.60923e+03 2.22307e-02
-6.59409e+03 2.21594e-02
-6.57896e+03 2.21135e-02
-6.56383e+03 2.20724e-02
-6.54870e+03 2.20313e-02
-6.53357e+03 2.19903e-02
-6.51843e+03 2.19492e-02
-6.50330e+03 2.19081e-02
-6.48817e+03 2.18670e-02
-6.47304e+03 2.18259e-02
-6.45791e+03 2.17848e-02
-6.44277e+03 2.17438e-02
-6.42764e+03 2.17027e-02
-6.41251e+03 2.16616e-02
-6.39738e+03 2.16205e-02
-6.38225e+03 2.15794e-02
-6.36711e+03 2.15383e-02
-6.35198e+03 2.14973e-02
-6.33685e+03 2.14562e-02
-6.32172e+03 2.14151e-02
-6.30659e+03 2.13740e-02
-6.29145e+03 2.13329e-02
-6.27632e+03 2.12919e-02
-6.26119e+03 2.12508e-02
-6.24606e+03 2.12097e-02
-6.23093e+03 2.11686e-02
-6.21579e+03 2.11275e-02
-6.20066e+03 2.10864e-02
-6.18553e+03 2.10454e-02
-6.17040e+03 2.10043e-02
-6.15527e+03 2.09632e-02
-6.14013e+03 2.09221e-02
-6.12500e+03 2.08810e-02
-6.10987e+03 2.08400e-02
-6.09474e+03 2.07989e-02
-6.07961e+03 2.07578e-02
-6.06447e+03 2.07167e-02
-6.04934e+03 2.06756e-02
-6.03421e+03 2.06345e-02
-6.01908e+03 2.05935e-02
-6.00395e+03 2.05524e-02
-5.98881e+03 2.05113e-02
-5.97368e+03 2.04702e-02
-5.95855e+03 2.04291e-02
-5.94342e+03 2.03880e-02
-5.92829e+03 2.03470e-02
-5.91315e+03 2.03059e-02
-5.89809e+03 2.02573e-02
-5.88302e+03 2.02088e-02
-5.86796e+03 2.01602e-02
-5.85289e+03 2.01116e-02
-5.83783e+03 2.00631e-02
-5.82276e+03 2.00145e-02
-5.80769e+03 1.99660e-02
-5.79263e+03 1.99174e-02
-5.77756e+03 1.98688e-02
-5.76250e+03 1.98203e-02
-5.74743e+03 1.97717e-02
-5.73237e+03 1.97231e-02
-5.71730e+03 1.96746e-02
-5.70223e+03 1.96260e-02
-5.68717e+03 1.95775e-02
-5.67210e+03 1.95289e-02
-5.65704e+03 1.94803e-02
-5.64197e+03 1.94318e-02
-5.62691e+03 1.93832e-02
-5.61184e+03 1.93347e-02
-5.59677e+03 1.92861e-02
-5.58171e+03 1.92375e-02
-5.56664e+03 1.91890e-02
-5.55158e+03 1.91404e-02
-5.53651e+03 1.90918e-02
-5.52145e+03 1.90433e-02
-5.50638e+03 1.89947e-02
-5.49131e+03 1.89462e-02
-5.47625e+03 1.88976e-02
-5.46118e+03 1.88490e-02
-5.44612e+03 1.88005e-02
-5.43105e+03 1.87519e-02
-5.41599e+03 1.87034e-02
-5.40092e+03 1.86548e-02
-5.38585e+03 1.86062e-02
-5.37079e+03 1.85577e-02
-5.35572e+03 1.85091e-02
-5.34066e+03 1.84605e-02
-5.32559e+03 1.84120e-02
-5.31053e+03 1.83634e-02
-5.29546e+03 1.83149e-02
-5.28040e+03 1.82663e-02
-5.26533e+03 1.82177e-02
-5.25026e+03 1.81692e-02
-5.23520e+03 1.81206e-02
-5.22013e+03 1.80720e-02
-5.20507e+03 1.80235e-02
-5.19000e+03 1.79749e-02
-5.17494e+03 1.79264e-02
-5.15987e+03 1.78778e-02
-5.14480e+03 1.78292e-02
-5.12974e+03 1.77807e-02
-5.11467e+03 1.77321e-02
-5.09961e+03 1.76836e-02
-5.08454e+03 1.76350e-02
-5.06948e+03 1.75864e-02
-5.05441e+03 1.75379e-02
-5.03934e+03 1.74893e-02
-5.02428e+03 1.74407e-02
-5.00921e+03 1.73922e-02
-4.99415e+03 1.73436e-02
-4.97908e+03 1.72951e-02
-4.96402e+03 1.72465e-02
-4.94895e+03 1.71979e-02
-4.93388e+03 1.71494e-02
-4.91882e+03 1.71008e-02
-4.90375e+03 1.70523e-02
-4.88869e+03 1.70037e-02
-4.87362e+03 1.69551e-02
-4.85856e+03 1.69066e-02
-4.84349e+03 1.68580e-02
-4.82842e+03 1.68094e-02
-4.81336e+03 1.67609e-02
-4.79829e+03 1.67123e-02
-4.78323e+03 1.66638e-02
-4.76816e+03 1.66152e-02
-4.75310e+03 1.65666e-02
-4.73803e+03 1.65181e-02
-4.72297e+03 1.64695e-02
-4.70790e+03 1.64210e-02
-4.69283e+03 1.63724e-02
-4.67777e+03 1.63238e-02
-4.66270e+03 1.62753e-02
-4.64764e+03 1.62267e-02
-4.63257e+03 1.61781e-02
-4.61751e+03 1.61296e-02
-4.60244e+03 1.60810e-02
-4.58737e+03 1.60325e-02
-4.57231e+03 1.59839e-02
-4.55724e+03 1.59353e-02
-4.54218e+03 1.58868e-02
-4.52711e+03 1.58382e-02
-4.51205e+03 1.57897e-02
-4.49698e+03 1.57411e-02
-4.48191e+03 1.56925e-02
-4.46685e+03 1.56440e-02
-4.45178e+03 1.55954e-02
-4.43672e+03 1.55468e-02
-4.42165e+03 1.54983e-02
-4.40659e+03 1.54497e-02
-4.39151e+03 1.53992e-02
-4.37643e+03 1.53487e-02
-4.36135e+03 1.52982e-02
-4.34627e+03 1.52477e-02
-4.33119e+03 1.51972e-02
-4.31611e+03 1.51467e-02
-4.30103e+03 1.50962e-02
-4.28595e+03 1.50457e-02
-4.27088e+03 1.49952e-02
-4.25580e+03 1.49447e-02
-4.24072e+03 1.48942e-02
-4.22564e+03 1.48437e-02
-4.21056e+03 1.47931e-02
-4.19548e+03 1.47426e-02
-4.18040e+03 1.46921e-02
-4.16532e+03 1.46416e-02
-4.15024e+03 1.45911e-02
-4.13517e+03 1.45406e-02
-4.12009e+03 1.44901e-02
-4.10501e+03 1.44396e-02
-4.08993e+03 1.43891e-02
-4.07485e+03 1.43386e-02
-4.05977e+03 1.42881e-02
-4.04469e+03 1.42376e-02
-4.02961e+03 1.41871e-02
-4.01453e+03 1.41366e-02
-3.99946e+03 1.40861e-02
-3.98438e+03 1.40356e-02
-3.96930e+03 1.39851e-02
-3.95422e+03 1.39346e-02
-3.93914e+03 1.38841e-02
-3.92406e+03 1.38335e-02
-3.90898e+03 1.37830e-02
-3.89390e+03 1.37325e-02
-3.87882e+03 1.36820e-02
-3.86375e+03 1.36315e-02
-3.84867e+03 1.35810e-02
-3.83359e+03 1.35305e-02
-3.81851e+03 1.34800e-02
-3.80343e+03 1.34295e-02
-3.78835e+03 1.33790e-02
-3.77327e+03 1.33285e-02
-3.75819e+03 1.32780e-02
-3.74311e+03 1.32275e-02
-3.72803e+03 1.31770e-02
-3.71296e+03 1.31265e-02
-3.69788e+03 1.30760e-02
-3.68280e+03 1.30255e-02
-3.66772e+03 1.29750e-02
-3.65264e+03 1.29244e-02
-3.63756e+03 1.28739e-02
-3.62248e+03 1.28234e-02
-3.60740e+03 1.27729e-02
-3.59232e+03 1.27224e-02
-3.57725e+03 1.26719e-02
-3.56217e+03 1.26214e-02
-3.54709e+03 1.25709e-02
-3.53201e+03 1.25204e-02
-3.51693e+03 1.24699e-02
-3.50185e+03 1.24194e-02
-3.48677e+03 1.23689e-02
-3.47169e+03 1.23184e-02
-3.45661e+03 1.22679e-02
-3.44154e+03 1.22174e-02
-3.42646e+03 1.21669e-02
-3.41138e+03 1.21164e-02
-3.39630e+03 1.20659e-02
-3.38127e+03 1.20068e-02
-3.36623e+03 1.19476e-02
-3.35120e+03 1.18885e-02
-3.33616e+03 1.18294e-02
-3.32113e+03 1.17703e-02
-3.30610e+03 1.17112e-02
-3.29106e+03 1.16521e-02
-3.27603e+03 1.15930e-02
-3.26100e+03 1.15339e-02
-3.24596e+03 1.14748e-02
-3.23093e+03 1.14157e-02
-3.21589e+03 1.13566e-02
-3.20086e+03 1.12975e-02
-3.18583e+03 1.12384e-02
-3.17079e+03 1.11793e-02
-3.15576e+03 1.11202e-02
-3.14073e+03 1.10611e-02
-3.12569e+03 1.10020e-02
-3.11066e+03 1.09429e-02
-3.09562e+03 1.08838e-02
-3.08059e+03 1.08247e-02
-3.06556e+03 1.07656e-02
-3.05052e+03 1.07065e-02
-3.03549e+03 1.06474e-02
-3.02046e+03 1.05883e-02
-3.00542e+03 1.05292e-02
-2.99039e+03 1.04701e-02
-2.97535e+03 1.04110e-02
-2.96032e+03 1.03518e-02
-2.94529e+03 1.02927e-02
-2.93025e+03 1.02336e-02
-2.91522e+03 1.01745e-02
-2.90019e+03 1.01154e-02
-2.88515e+03 1.00563e-02
-2.87004e+03 9.99645e-03
-2.85492e+03 9.93658e-03
-2.83980e+03 9.87670e-03
-2.82469e+03 9.81682e-03
-2.80957e+03 9.75695e-03
-2.79445e+03 9.69707e-03
-2.77934e+03 9.63720e-03
-2.76422e+03 9.57732e-03
-2.74911e+03 9.51744e-03
-2.73399e+03 9.45757e-03
-2.71887e+03 9.39769e-03
-2.70376e+03 9.33782e-03
-2.68864e+03 9.27794e-03
-2.67352e+03 9.21806e-03
-2.65841e+03 9.15819e-03
-2.64329e+03 9.09831e-03
-2.62817e+03 9.03844e-03
-2.61306e+03 8.97856e-03
-2.59794e+03 8.91868e-03
-2.58283e+03 8.85881e-03
-2.56771e+03 8.79893e-03
-2.55259e+03 8.73906e-03
-2.53748e+03 8.67918e-03
-2.52236e+03 8.61930e-03
-2.50724e+03 8.55943e-03
-2.49213e+03 8.49955e-03
-2.47701e+03 8.43968e-03
-2.46190e+03 8.37980e-03
-2.44678e+03 8.31992e-03
-2.43166e+03 8.26005e-03
-2.41655e+03 8.20017e-03
-2.40143e+03 8.14030e-03
-2.38635e+03 8.08382e-03
-2.37126e+03 8.02735e-03
-2.35618e+03 7.97087e-03
-2.34110e+03 7.91440e-03
-2.32601e+03 7.85792e-03
-2.31093e+03 7.80145e-03
-2.29584e+03 7.74497e-03
-2.28076e+03 7.68850e-03
-2.26568e+03 7.63202e-03
-2.25059e+03 7.57555e-03
-2.23551e+03 7.51907e-03
-2.22042e+03 7.46260e-03
-2.20534e+03 7.40612e-03
-2.19026e+03 7.34965e-03
-2.17517e+03 7.29317e-03
-2.16009e+03 7.23670e-03
-2.14501e+03 7.18022e-03
-2.12992e+03 7.12375e-03
-2.11484e+03 7.06727e-03
-2.09975e+03 7.01080e-03
-2.08467e+03 6.95432e-03
-2.06959e+03 6.89785e-03
-2.05450e+03 6.84137e-03
-2.03942e+03 6.78490e-03
-2.02433e+03 6.72842e-03
-2.00925e+03 6.67195e-03
-1.99417e+03 6.61547e-03
-1.97908e+03 6.55900e-03
-1.96400e+03 6.50252e-03
-1.94892e+03 6.44605e-03
-1.93383e+03 6.38957e-03
-1.91875e+03 6.33310e-03
-1.90366e+03 6.27662e-03
-1.88853e+03 6.21960e-03
-1.87339e+03 6.16257e-03
-1.85826e+03 6.10554e-03
-1.84313e+03 6.04851e-03
-1.82799e+03 5.99149e-03
-1.81286e+03 5.93446e-03
-1.79772e+03 5.87743e-03
-1.78259e+03 5.82040e-03
-1.76745e+03 5.76338e-03
-1.75232e+03 5.70635e-03
-1.73719e+03 5.64932e-03
-1.72205e+03 5.59229e-03
-1.70692e+03 5.53527e-03
-1.69178e+03 5.47824e-03
-1.67665e+03 5.42121e-03
-1.66151e+03 5.36418e-03
-1.64638e+03 5.30716e-03
-1.63124e+03 5.25013e-03
-1.61611e+03 5.19310e-03
-1.60098e+03 5.13607e-03
-1.58584e+03 5.07905e-03
-1.57071e+03 5.02202e-03
-1.55557e+03 4.96499e-03
-1.54044e+03 4.90796e-03
-1.52530e+03 4.85094e-03
-1.51017e+03 4.79391e-03
-1.49503e+03 4.73688e-03
-1.47990e+03 4.67985e-03
-1.46477e+03 4.62283e-03
-1.44963e+03 4.56580e-03
-1.43450e+03 4.50877e-03
-1.41936e+03 4.45175e-03
-1.40423e+03 4.39472e-03
-1.38907e+03 4.34001e-03
-1.37391e+03 4.28530e-03
-1.35874e+03 4.23059e-03
-1.34358e+03 4.17588e-03
-1.32842e+03 4.12117e-03
-1.31326e+03 4.06646e-03
-1.29810e+03 4.01176e-03
-1.28294e+03 3.95705e-03
-1.26778e+03 3.90234e-03
-1.25262e+03 3.84763e-03
-1.23746e+03 3.79292e-03
-1.22230e+03 3.73821e-03
-1.20714e+03 3.68350e-03
-1.19197e+03 3.62879e-03
-1.17681e+03 3.57408e-03
-1.16165e+03 3.51938e-03
-1.14649e+03 3.46467e-03
-1.13133e+03 3.40996e-03
-1.11617e+03 3.35525e-03
-1.10101e+03 3.30054e-03
-1.08585e+03 3.24583e-03
-1.07069e+03 3.19112e-03
-1.05553e+03 3.13641e-03
-1.04037e+03 3.08170e-03
-1.02520e+03 3.02700e-03
-1.01004e+03 2.97229e-03
-9.94882e+02 2.91758e-03
-9.79721e+02 2.86287e-03
-9.64561e+02 2.80816e-03
-9.49400e+02 2.75345e-03
-9.34239e+02 2.69874e-03
-9.19078e+02 2.64403e-03
-9.03917e+02 2.58932e-03
-8.88821e+02 2.53585e-03
-8.73725e+02 2.48238e-03
-8.58629e+02 2.42891e-03
-8.43533e+02 2.37544e-03
-8.28437e+02 2.32197e-03
-8.13342e+02 2.26849e-03
-7.98246e+02 2.21502e-03
-7.83150e+02 2.16155e-03
-7.68054e+02 2.10808e-03
-7.52958e+02 2.05461e-03
-7.37862e+02 2.00114e-03
-7.22766e+02 1.94766e-03
-7.07670e+02 1.89419e-03
-6.92574e+02 1.84072e-03
-6.77479e+02 1.78725e-03
-6.62383e+02 1.73378e-03
-6.47287e+02 1.68031e-03
-6.32191e+02 1.62683e-03
-6.17095e+02 1.57336e-03
-6.01999e+02 1.51989e-03
-5.86903e+02 1.46642e-03
-5.71807e+02 1.41295e-03
-5.56711e+02 1.35948e-03
-5.41616e+02 1.30600e-03
-5.26520e+02 1.25253e-03
-5.11424e+02 1.19906e-03
-4.96328e+02 1.15109e-03
-4.81232e+02 1.11947e-03
-4.66136e+02 1.08786e-03
-4.51040e+02 1.05624e-03
-4.35944e+02 1.02462e-03
-4.20849e+02 9.93006e-04
-4.05753e+02 9.61389e-04
-3.90725e+02 9.25782e-04
-3.75697e+02 8.90175e-04
-3.60669e+02 8.54568e-04
-3.45641e+02 8.18961e-04
-3.30613e+02 7.83354e-04
-3.15585e+02 7.47747e-04
-3.00558e+02 7.12140e-04
-2.85530e+02 6.76533e-04
-2.70502e+02 6.40926e-04
-2.55474e+02 6.05319e-04
-2.40446e+02 5.69712e-04
-2.25418e+02 5.34105e-04
-2.10390e+02 4.98498e-04
-1.95362e+02 4.62891e-04
-1.80335e+02 4.27284e-04
-1.65307e+02 3.91677e-04
-1.50279e+02 3.56070e-04
-1.35251e+02 3.20463e-04
-1.20223e+02 2.84856e-04
-1.05195e+02 2.49249e-04
-9.01673e+01 2.13642e-04
-7.51394e+01 1.78035e-04
-6.01115e+01 1.42428e-04
-4.50836e+01 1.06821e-04
-3.00558e+01 7.12140e-05
-1.50279e+01 3.56070e-05
0.00000e+00 0.00000e+00
1.50279e+01 -3.56070e-05
3.00558e+01 -7.12140e-05
4.50836e+01 -1.06821e-04
6.01115e+01 -1.42428e-04
7.51394e+01 -1.78035e-04
9.01673e+01 -2.13642e-04
1.05184e+02 -2.39795e-04
1.20201e+02 -2.65948e-04
1.35217e+02 -2.92101e-04
1.50234e+02 -3.18254e-04
1.65250e+02 -3.44408e-04
1.80267e+02 -3.70561e-04
1.95284e+02 -3.96714e-04
2.10300e+02 -4.22867e-04
2.25317e+02 -4.49020e-04
2.40334e+02 -4.75173e-04
2.55350e+02 -5.01326e-04
2.70367e+02 -5.27480e-04
2.85384e+02 -5.53633e-04
3.00400e+02 -5.79786e-04
3.15417e+02 -6.05939e-04
3.30434e+02 -6.32092e-04
3.45450e+02 -6.58245e-04
3.60467e+02 -6.84398e-04
3.75484e+02 -7.10552e-04
3.90500e+02 -7.36705e-04
4.05517e+02 -7.62858e-04
4.20534e+02 -7.89011e-04
4.35550e+02 -8.15164e-04
4.50567e+02 -8.41317e-04
4.65583e+02 -8.67470e-04
4.80600e+02 -8.93623e-04
4.95617e+02 -9.19777e-04
5.10633e+02 -9.45930e-04
5.25650e+02 -9.72083e-04
5.40667e+02 -9.98236e-04
5.55683e+02 -1.02439e-03
5.70700e+02 -1.05054e-03
5.85717e+02 -1.07670e-03
6.00733e+02 -1.10285e-03
6.15750e+02 -1.12900e-03
6.30767e+02 -1.15515e-03
6.45783e+02 -1.18131e-03
6.60800e+02 -1.20746e-03
6.75817e+02 -1.23361e-03
6.90833e+02 -1.25977e-03
7.05850e+02 -1.28592e-03
7.20866e+02 -1.31207e-03
7.35883e+02 -1.33823e-03
7.50900e+02 -1.36438e-03
7.65916e+02 -1.39053e-03
7.80933e+02 -1.41669e-03
7.95950e+02 -1.44284e-03
8.10966e+02 -1.46899e-03
8.25983e+02 -1.49515e-03
8.41000e+02 -1.52130e-03
8.56016e+02 -1.54745e-03
8.71033e+02 -1.57361e-03
8.86050e+02 -1.59976e-03
9.01066e+02 -1.62591e-03
9.16083e+02 -1.65206e-03
9.31100e+02 -1.67822e-03
9.46116e+02 -1.70437e-03
9.61133e+02 -1.73052e-03
9.76149e+02 -1.75668e-03
9.91166e+02 -1.78283e-03
1.00618e+03 -1.80898e-03
1.02120e+03 -1.83514e-03
1.03622e+03 -1.86129e-03
1.05123e+03 -1.88744e-03
1.06625e+03 -1.91360e-03
1.08127e+03 -1.93975e-03
1.09628e+03 -1.96590e-03
1.11130e+03 -1.99206e-03
1.12632e+03 -2.01821e-03
1.14133e+03 -2.04436e-03
1.15635e+03 -2.07051e-03
1.17137e+03 -2.09667e-03
1.18638e+03 -2.12282e-03
1.20140e+03 -2.14897e-03
1.21642e+03 -2.17513e-03
1.23143e+03 -2.20128e-03
1.24645e+03 -2.22743e-03
1.26147e+03 -2.25359e-03
1.27648e+03 -2.27974e-03
1.29150e+03 -2.30589e-03
1.30652e+03 -2.33205e-03
1.32153e+03 -2.35820e-03
1.33655e+03 -2.38435e-03
1.35157e+03 -2.41051e-03
1.36658e+03 -2.43666e-03
1.38160e+03 -2.46281e-03
1.39662e+03 -2.48896e-03
1.41163e+03 -2.51512e-03
1.42665e+03 -2.54127e-03
1.44167e+03 -2.56742e-03
1.45668e+03 -2.59358e-03
1.47170e+03 -2.61973e-03
1.48672e+03 -2.64588e-03
1.50173e+03 -2.67204e-03
1.51675e+03 -2.69819e-03
1.53177e+03 -2.72434e-03
1.54678e+03 -2.75050e-03
1.56180e+03 -2.77665e-03
1.57682e+03 -2.80280e-03
1.59183e+03 -2.82896e-03
1.60685e+03 -2.85511e-03
1.62187e+03 -2.88126e-03
1.63688e+03 -2.90741e-03
1.65190e+03 -2.93357e-03
1.66692e+03 -2.95972e-03
1.68193e+03 -2.98587e-03
1.69695e+03 -3.01203e-03
1.71197e+03 -3.03818e-03
1.72698e+03 -3.06433e-03
1.74200e+03 -3.09049e-03
1.75702e+03 -3.11664e-03
1.77203e+03 -3.14279e-03
1.78705e+03 -3.16895e-03
1.80207e+03 -3.19510e-03
1.81708e+03 -3.22125e-03
1.83210e+03 -3.24741e-03
1.84712e+03 -3.27356e-03
1.86213e+03 -3.29971e-03
1.87715e+03 -3.32587e-03
1.89216e+03 -3.35202e-03
1.90718e+03 -3.37817e-03
1.92220e+03 -3.40432e-03
1.93721e+03 -3.43048e-03
1.95223e+03 -3.45663e-03
1.96725e+03 -3.48278e-03
1.98226e+03 -3.50894e-03
1.99728e+03 -3.53509e-03
2.01230e+03 -3.56124e-03
2.02731e+03 -3.58740e-03
2.04233e+03 -3.61355e-03
2.05735e+03 -3.63970e-03
2.07236e+03 -3.66586e-03
2.08738e+03 -3.69201e-03
2.10240e+03 -3.71816e-03
2.11741e+03 -3.74432e-03
2.13243e+03 -3.77047e-03
2.14745e+03 -3.79662e-03
2.16246e+03 -3.82277e-03
2.17748e+03 -3.84893e-03
2.19250e+03 -3.87508e-03
2.20751e+03 -3.90123e-03
2.22253e+03 -3.92739e-03
2.23755e+03 -3.95354e-03
2.25256e+03 -3.97969e-03
2.26758e+03 -4.00585e-03
2.28260e+03 -4.03200e-03
2.29761e+03 -4.05815e-03
2.31263e+03 -4.08431e-03
2.32765e+03 -4.11046e-03
2.34266e+03 -4.13661e-03
2.35768e+03 -4.16277e-03
2.37270e+03 -4.18892e-03
2.38771e+03 -4.21507e-03
2.40273e+03 -4.24122e-03
2.41775e+03 -4.26738e-03
2.43276e+03 -4.29353e-03
2.44778e+03 -4.31968e-03
2.46280e+03 -4.34584e-03
2.47781e+03 -4.37199e-03
2.49283e+03 -4.39814e-03
2.50785e+03 -4.42430e-03
2.52286e+03 -4.45045e-03
2.53788e+03 -4.47660e-03
2.55290e+03 -4.50276e-03
2.56791e+03 -4.52891e-03
2.58293e+03 -4.55506e-03
2.59795e+03 -4.58122e-03
2.61296e+03 -4.60737e-03
2.62798e+03 -4.63352e-03
2.64300e+03 -4.65968e-03
2.65801e+03 -4.68583e-03
2.67303e+03 -4.71198e-03
2.68805e+03 -4.73813e-03
2.70306e+03 -4.76429e-03
2.71808e+03 -4.79044e-03
2.73310e+03 -4.81659e-03
2.74811e+03 -4.84275e-03
2.76313e+03 -4.86890e-03
2.77815e+03 -4.89505e-03
2.79316e+03 -4.92121e-03
2.80818e+03 -4.94736e-03
2.82320e+03 -4.97351e-03
2.83821e+03 -4.99967e-03
2.85323e+03 -5.02582e-03
2.86825e+03 -5.05197e-03
2.88326e+03 -5.07813e-03
2.89828e+03 -5.10428e-03
2.91330e+03 -5.13043e-03
2.92831e+03 -5.15658e-03
2.94333e+03 -5.18274e-03
2.95835e+03 -5.20889e-03
2.97336e+03 -5.23504e-03
2.98838e+03 -5.26120e-03
3.00340e+03 -5.28735e-03
3.01841e+03 -5.31350e-03
3.03343e+03 -5.33966e-03
3.04845e+03 -5.36581e-03
3.06346e+03 -5.39196e-03
3.07848e+03 -5.41812e-03
3.09350e+03 -5.44427e-03
3.10851e+03 -5.47042e-03
3.12353e+03 -5.49658e-03
3.13855e+03 -5.52273e-03
3.15356e+03 -5.54888e-03
3.16858e+03 -5.57503e-03
3.18360e+03 -5.60119e-03
3.19861e+03 -5.62734e-03
3.21363e+03 -5.65349e-03
3.22865e+03 -5.67965e-03
3.24366e+03 -5.70580e-03
3.25868e+03 -5.73195e-03
3.27370e+03 -5.75811e-03
3.28871e+03 -5.78426e-03
3.30373e+03 -5.81041e-03
3.31875e+03 -5.83657e-03
3.33376e+03 -5.86272e-03
3.34878e+03 -5.88887e-03
3.36380e+03 -5.91503e-03
3.37881e+03 -5.94118e-03
3.39383e+03 -5.96733e-03
3.40885e+03 -5.99348e-03
3.42386e+03 -6.01964e-03
3.43888e+03 -6.04579e-03
3.45390e+03 -6.07194e-03
3.46891e+03 -6.09810e-03
3.48393e+03 -6.12425e-03
3.49895e+03 -6.15040e-03
3.51396e+03 -6.17656e-03
3.52898e+03 -6.20271e-03
3.54400e+03 -6.22886e-03
3.55901e+03 -6.25502e-03
3.57403e+03 -6.28117e-03
3.58905e+03 -6.30732e-03
3.60406e+03 -6.33348e-03
3.61908e+03 -6.35963e-03
3.63410e+03 -6.38578e-03
3.64911e+03 -6.41194e-03
3.66413e+03 -6.43809e-03
3.67915e+03 -6.46424e-03
3.69416e+03 -6.49039e-03
3.70918e+03 -6.51655e-03
3.72420e+03 -6.54270e-03
3.73921e+03 -6.56885e-03
3.75423e+03 -6.59501e-03
3.76925e+03 -6.62116e-03
3.78426e+03 -6.64731e-03
3.79928e+03 -6.67347e-03
3.81430e+03 -6.69962e-03
3.82931e+03 -6.72577e-03
3.84433e+03 -6.75193e-03
3.85935e+03 -6.77808e-03
3.87436e+03 -6.80423e-03
3.88938e+03 -6.83039e-03
3.90440e+03 -6.85654e-03
3.91941e+03 -6.88269e-03
3.93443e+03 -6.90884e-03
3.94945e+03 -6.93500e-03
3.96446e+03 -6.96115e-03
3.97948e+03 -6.98730e-03
3.99450e+03 -7.01346e-03
4.00951e+03 -7.03961e-03
4.02453e+03 -7.06576e-03
4.03955e+03 -7.09192e-03
4.05456e+03 -7.11807e-03
4.06958e+03 -7.14422e-03
4.08460e+03 -7.17038e-03
4.09961e+03 -7.19653e-03
4.11463e+03 -7.22268e-03
4.12965e+03 -7.24884e-03
4.14466e+03 -7.27499e-03
4.15968e+03 -7.30114e-03
4.17470e+03 -7.32729e-03
4.18971e+03 -7.35345e-03
4.20473e+03 -7.37960e-03
4.21975e+03 -7.40575e-03
4.23476e+03 -7.43191e-03
4.24978e+03 -7.45806e-03
4.26480e+03 -7.48421e-03
4.27981e+03 -7.51037e-03
4.29483e+03 -7.53652e-03
4.30985e+03 -7.56267e-03
4.32486e+03 -7.58883e-03
4.33988e+03 -7.61498e-03
4.35490e+03 -7.64113e-03
4.36991e+03 -7.66729e-03
4.38493e+03 -7.69344e-03
4.39995e+03 -7.71959e-03
4.41496e+03 -7.74575e-03
4.42998e+03 -7.77190e-03
4.44500e+03 -7.79805e-03
4.46001e+03 -7.82420e-03
4.47503e+03 -7.85036e-03
4.49005e+03 -7.87651e-03
4.50506e+03 -7.90266e-03
4.52008e+03 -7.92882e-03
4.53510e+03 -7.95497e-03
4.55011e+03 -7.98112e-03
4.56513e+03 -8.00728e-03
4.58014e+03 -8.03343e-03
4.59516e+03 -8.05958e-03
4.61020e+03 -8.07704e-03
4.62524e+03 -8.09450e-03
4.64028e+03 -8.11196e-03
4.65532e+03 -8.12941e-03
4.67036e+03 -8.14687e-03
4.68540e+03 -8.16433e-03
4.70044e+03 -8.18179e-03
4.71548e+03 -8.19925e-03
4.73052e+03 -8.21670e-03
4.74556e+03 -8.23416e-03
4.76060e+03 -8.25162e-03
4.77564e+03 -8.26908e-03
4.79068e+03 -8.28653e-03
4.80571e+03 -8.30399e-03
4.82075e+03 -8.32145e-03
4.83579e+03 -8.33891e-03
4.85083e+03 -8.35637e-03
4.86587e+03 -8.37382e-03
4.88091e+03 -8.39128e-03
4.89595e+03 -8.40874e-03
4.91099e+03 -8.42620e-03
4.92603e+03 -8.44366e-03
4.94107e+03 -8.46111e-03
4.95611e+03 -8.47857e-03
4.97115e+03 -8.49603e-03
4.98619e+03 -8.51349e-03
5.00123e+03 -8.53095e-03
5.01627e+03 -8.54840e-03
5.03131e+03 -8.56586e-03
5.04635e+03 -8.58332e-03
5.06139e+03 -8.60078e-03
5.07643e+03 -8.61823e-03
5.09147e+03 -8.63569e-03
5.10651e+03 -8.65315e-03
5.12154e+03 -8.67061e-03
5.13658e+03 -8.68807e-03
5.15162e+03 -8.70552e-03
5.16666e+03 -8.72298e-03
5.18170e+03 -8.74044e-03
5.19674e+03 -8.75790e-03
5.21178e+03 -8.77536e-03
5.22682e+03 -8.79281e-03
5.24186e+03 -8.81027e-03
5.25690e+03 -8.82773e-03
5.27194e+03 -8.84519e-03
5.28698e+03 -8.86264e-03
5.30202e+03 -8.88010e-03
5.31706e+03 -8.89756e-03
5.33210e+03 -8.91502e-03
5.34714e+03 -8.93248e-03
5.36218e+03 -8.94993e-03
5.37722e+03 -8.96739e-03
5.39226e+03 -8.98485e-03
5.40730e+03 -9.00231e-03
5.42234e+03 -9.01977e-03
5.43737e+03 -9.03722e-03
5.45241e+03 -9.05468e-03
5.46745e+03 -9.07214e-03
5.48249e+03 -9.08960e-03
5.49753e+03 -9.10705e-03
5.51257e+03 -9.12451e-03
5.52761e+03 -9.14197e-03
5.54265e+03 -9.15943e-03
5.55769e+03 -9.17689e-03
5.57273e+03 -9.19434e-03
5.58777e+03 -9.21180e-03
5.60281e+03 -9.22926e-03
5.61785e+03 -9.24672e-03
5.63289e+03 -9.26418e-03
5.64793e+03 -9.28163e-03
5.66297e+03 -9.29909e-03
5.67801e+03 -9.31655e-03
5.69305e+03 -9.33401e-03
5.70809e+03 -9.35146e-03
5.72313e+03 -9.36892e-03
5.73817e+03 -9.38638e-03
5.75320e+03 -9.40384e-03
5.76824e+03 -9.42130e-03
5.78328e+03 -9.43875e-03
5.79832e+03 -9.45621e-03
5.81336e+03 -9.47367e-03
5.82840e+03 -9.49113e-03
5.84344e+03 -9.50859e-03
5.85848e+03 -9.52604e-03
5.87352e+03 -9.54350e-03
5.88856e+03 -9.56096e-03
5.90360e+03 -9.57842e-03
5.91864e+03 -9.59588e-03
5.93368e+03 -9.61333e-03
5.94872e+03 -9.63079e-03
5.96376e+03 -9.64825e-03
5.97880e+03 -9.66571e-03
5.99384e+03 -9.68316e-03
6.00888e+03 -9.70062e-03
6.02392e+03 -9.71808e-03
6.03896e+03 -9.73554e-03
6.05400e+03 -9.75300e-03
6.06903e+03 -9.77045e-03
6.08407e+03 -9.78791e-03
6.09911e+03 -9.80537e-03
6.11415e+03 -9.82283e-03
6.12919e+03 -9.84029e-03
6.14423e+03 -9.85774e-03
6.15927e+03 -9.87520e-03
6.17431e+03 -9.89266e-03
6.18935e+03 -9.91012e-03
6.20439e+03 -9.92757e-03
6.21943e+03 -9.94503e-03
6.23447e+03 -9.96249e-03
6.24951e+03 -9.97995e-03
6.26455e+03 -9.99741e-03
6.27959e+03 -1.00149e-02
6.29463e+03 -1.00323e-02
6.30967e+03 -1.00498e-02
6.32471e+03 -1.00672e-02
6.33975e+03 -1.00847e-02
6.35479e+03 -1.01022e-02
6.36983e+03 -1.01196e-02
6.38486e+03 -1.01371e-02
6.39990e+03 -1.01545e-02
6.41494e+03 -1.01720e-02
6.42998e+03 -1.01894e-02
6.44502e+03 -1.02069e-02
6.46006e+03 -1.02244e-02
6.47510e+03 -1.02418e-02
6.49014e+03 -1.02593e-02
6.50518e+03 -1.02767e-02
6.52022e+03 -1.02942e-02
6.53526e+03 -1.03116e-02
6.55030e+03 -1.03291e-02
6.56534e+03 -1.03466e-02
6.58038e+03 -1.03640e-02
6.59542e+03 -1.03815e-02
6.61046e+03 -1.03989e-02
6.62550e+03 -1.04164e-02
6.64054e+03 -1.04339e-02
6.65558e+03 -1.04513e-02
6.67062e+03 -1.04688e-02
6.68565e+03 -1.04862e-02
6.70069e+03 -1.05037e-02
6.71573e+03 -1.05211e-02
6.73077e+03 -1.05386e-02
6.74581e+03 -1.05561e-02
6.76085e+03 -1.05735e-02
6.77589e+03 -1.05910e-02
6.79093e+03 -1.06084e-02
6.80597e+03 -1.06259e-02
6.82101e+03 -1.06433e-02
6.83605e+03 -1.06608e-02
6.85109e+03 -1.06783e-02
6.86613e+03 -1.06957e-02
6.88117e+03 -1.07132e-02
6.89621e+03 -1.07306e-02
6.91125e+03 -1.07481e-02
6.92629e+03 -1.07656e-02
6.94133e+03 -1.07830e-02
6.95637e+03 -1.08005e-02
6.97141e+03 -1.08179e-02
6.98645e+03 -1.08354e-02
7.00148e+03 -1.08528e-02
7.01652e+03 -1.08703e-02
7.03156e+03 -1.08878e-02
7.04660e+03 -1.09052e-02
7.06164e+03 -1.09227e-02
7.07668e+03 -1.09401e-02
7.09172e+03 -1.09576e-02
7.10676e+03 -1.09750e-02
7.12180e+03 -1.09925e-02
7.13684e+03 -1.10100e-02
7.15188e+03 -1.10274e-02
7.16692e+03 -1.10449e-02
7.18196e+03 -1.10623e-02
7.19700e+03 -1.10798e-02
7.21204e+03 -1.10973e-02
7.22708e+03 -1.11147e-02
7.24212e+03 -1.11322e-02
7.25716e+03 -1.11496e-02
7.27220e+03 -1.11671e-02
7.28724e+03 -1.11845e-02
7.30228e+03 -1.12020e-02
7.31731e+03 -1.12195e-02
7.33235e+03 -1.12369e-02
7.34739e+03 -1.12544e-02
7.36243e+03 -1.12718e-02
7.37747e+03 -1.12893e-02
7.39251e+03 -1.13067e-02
7.40755e+03 -1.13242e-02
7.42259e+03 -1.13417e-02
7.43763e+03 -1.13591e-02
7.45267e+03 -1.13766e-02
7.46771e+03 -1.13940e-02
7.48275e+03 -1.14115e-02
7.49779e+03 -1.14290e-02
7.51283e+03 -1.14464e-02
7.52787e+03 -1.14639e-02
7.54291e+03 -1.14813e-02
7.55795e+03 -1.14988e-02
7.57299e+03 -1.15162e-02
7.58804e+03 -1.15308e-02
7.60308e+03 -1.15455e-02
7.61813e+03 -1.15601e-02
7.63318e+03 -1.15747e-02
7.64823e+03 -1.15893e-02
7.66328e+03 -1.16039e-02
7.67833e+03 -1.16185e-02
7.69338e+03 -1.16331e-02
7.70843e+03 -1.16477e-02
7.72348e+03 -1.16623e-02
7.73853e+03 -1.16769e-02
7.75357e+03 -1.16915e-02
7.76862e+03 -1.17061e-02
7.78367e+03 -1.17207e-02
7.79872e+03 -1.17353e-02
7.81377e+03 -1.17499e-02
7.82882e+03 -1.17645e-02
7.84387e+03 -1.17792e-02
7.85892e+03 -1.17938e-02
7.87397e+03 -1.18084e-02
7.88902e+03 -1.18230e-02
7.90407e+03 -1.18376e-02
7.91911e+03 -1.18522e-02
7.93416e+03 -1.18668e-02
7.94921e+03 -1.18801e-02
7.96426e+03 -1.18683e-02
7.97931e+03 -1.18564e-02
7.99436e+03 -1.18446e-02
8.00941e+03 -1.18327e-02
8.02446e+03 -1.18209e-02
8.03951e+03 -1.18090e-02
8.05456e+03 -1.17972e-02
8.06960e+03 -1.17853e-02
8.08465e+03 -1.17735e-02
8.09970e+03 -1.17616e-02
8.11475e+03 -1.17498e-02
8.12980e+03 -1.17379e-02
8.14485e+03 -1.17261e-02
8.15990e+03 -1.17142e-02
8.17495e+03 -1.17024e-02
8.19000e+03 -1.16905e-02
8.20505e+03 -1.16787e-02
8.22009e+03 -1.16668e-02
8.23514e+03 -1.16550e-02
8.25019e+03 -1.16431e-02
8.26524e+03 -1.16313e-02
8.28029e+03 -1.16194e-02
8.29534e+03 -1.16075e-02
8.31039e+03 -1.15937e-02
8.32544e+03 -1.15788e-02
8.34049e+03 -1.15639e-02
8.35554e+03 -1.15491e-02
8.37059e+03 -1.15342e-02
8.38563e+03 -1.15193e-02
8.40068e+03 -1.15044e-02
8.41573e+03 -1.14895e-02
8.43078e+03 -1.14746e-02
8.44583e+03 -1.14598e-02
8.46088e+03 -1.14449e-02
8.47593e+03 -1.14300e-02
8.49098e+03 -1.14151e-02
8.50603e+03 -1.14002e-02
8.52108e+03 -1.13854e-02
8.53612e+03 -1.13705e-02
8.55117e+03 -1.13556e-02
8.56622e+03 -1.13407e-02
8.58127e+03 -1.13258e-02
8.59632e+03 -1.13109e-02
8.61137e+03 -1.12961e-02
8.62642e+03 -1.12812e-02
8.64147e+03 -1.12663e-02
8.65652e+03 -1.12514e-02
8.67157e+03 -1.12365e-02
8.68661e+03 -1.12217e-02
8.70166e+03 -1.12068e-02
8.71671e+03 -1.11919e-02
8.73176e+03 -1.11770e-02
8.74681e+03 -1.11621e-02
8.76186e+03 -1.11472e-02
8.77691e+03 -1.11324e-02
8.79196e+03 -1.11175e-02
8.80701e+03 -1.11026e-02
8.82206e+03 -1.10877e-02
8.83711e+03 -1.10728e-02
8.85215e+03 -1.10579e-02
8.86720e+03 -1.10431e-02
8.88225e+03 -1.10282e-02
8.89730e+03 -1.10086e-02
8.91235e+03 -1.09811e-02
8.92740e+03 -1.09535e-02
8.94245e+03 -1.09260e-02
8.95750e+03 -1.08985e-02
8.97255e+03 -1.08709e-02
8.98760e+03 -1.08434e-02
9.00264e+03 -1.08159e-02
9.01769e+03 -1.07884e-02
9.03274e+03 -1.07608e-02
9.04779e+03 -1.07333e-02
9.06284e+03 -1.07058e-02
9.07789e+03 -1.06782e-02
9.09294e+03 -1.06507e-02
9.10799e+03 -1.06232e-02
9.12304e+03 -1.05956e-02
9.13809e+03 -1.05681e-02
9.15313e+03 -1.05406e-02
9.16818e+03 -1.05131e-02
9.18323e+03 -1.04855e-02
9.19828e+03 -1.04580e-02
9.21333e+03 -1.04305e-02
9.22838e+03 -1.04029e-02
9.24343e+03 -1.03754e-02
9.25848e+03 -1.03479e-02
9.27353e+03 -1.03203e-02
9.28858e+03 -1.02928e-02
9.30362e+03 -1.02653e-02
9.31867e+03 -1.02377e-02
9.33372e+03 -1.02102e-02
9.34877e+03 -1.01827e-02
9.36382e+03 -1.01552e-02
9.37887e+03 -1.01276e-02
9.39392e+03 -1.01001e-02
9.40897e+03 -1.00726e-02
9.42402e+03 -1.00450e-02
9.43907e+03 -1.00175e-02
9.45412e+03 -9.98997e-03
9.46916e+03 -9.96244e-03
9.48421e+03 -9.93491e-03
9.49926e+03 -9.90738e-03
9.51431e+03 -9.87985e-03
9.52936e+03 -9.85232e-03
9.54441e+03 -9.82479e-03
9.55946e+03 -9.79726e-03
9.57451e+03 -9.76973e-03
9.58956e+03 -9.74220e-03
9.60461e+03 -9.71467e-03
9.61965e+03 -9.68714e-03
9.63470e+03 -9.65961e-03
9.64975e+03 -9.63207e-03
9.66480e+03 -9.60454e-03
9.67985e+03 -9.57701e-03
9.69490e+03 -9.54948e-03
9.70995e+03 -9.52195e-03
9.72500e+03 -9.49442e-03
9.74005e+03 -9.46689e-03
9.75510e+03 -9.43936e-03
9.77014e+03 -9.41183e-03
9.78519e+03 -9.38430e-03
9.80024e+03 -9.35677e-03
9.81529e+03 -9.32924e-03
9.83034e+03 -9.30171e-03
9.84539e+03 -9.27418e-03
9.86044e+03 -9.24665e-03
9.87549e+03 -9.21912e-03
9.89054e+03 -9.19159e-03
9.90559e+03 -9.16406e-03
9.92064e+03 -9.13653e-03
9.93568e+03 -9.10899e-03
9.95073e+03 -9.08146e-03
9.96578e+03 -9.05393e-03
9.98083e+03 -9.02640e-03
9.99588e+03 -8.99887e-03
1.00109e+04 -8.97134e-03
1.00260e+04 -8.94381e-03
1.00410e+04 -8.91628e-03
1.00561e+04 -8.88875e-03
1.00711e+04 -8.86122e-03
1.00862e+04 -8.83369e-03
1.01012e+04 -8.80616e-03
1.01163e+04 -8.77863e-03
1.01313e+04 -8.75110e-03
1.01464e+04 -8.72357e-03
1.01614e+04 -8.69604e-03
1.01765e+04 -8.66851e-03
1.01915e+04 -8.64098e-03
1.02066e+04 -8.61345e-03
1.02216e+04 -8.58592e-03
1.02367e+04 -8.55838e-03
1.02517e+04 -8.53085e-03
1.02668e+04 -8.50332e-03
1.02818e+04 -8.47579e-03
1.02969e+04 -8.44826e-03
1.03119e+04 -8.42073e-03
1.03270e+04 -8.39320e-03
1.03420e+04 -8.36567e-03
1.03571e+04 -8.33814e-03
1.03721e+04 -8.31061e-03
1.03872e+04 -8.28308e-03
1.04022e+04 -8.25555e-03
1.04173e+04 -8.22802e-03
1.04323e+04 -8.20049e-03
1.04474e+04 -8.17296e-03
1.04624e+04 -8.14543e-03
1.04774e+04 -8.11790e-03
1.04925e+04 -8.09037e-03
1.05075e+04 -8.06284e-03
1.05226e+04 -8.03530e-03
1.05376e+04 -8.00777e-03
1.05527e+04 -7.98024e-03
1.05677e+04 -7.95271e-03
1.05828e+04 -7.92518e-03
1.05978e+04 -7.89797e-03
1.06128e+04 -7.87076e-03
1.06278e+04 -7.84355e-03
1.06428e+04 -7.81634e-03
1.06578e+04 -7.78913e-03
1.06728e+04 -7.76191e-03
1.06879e+04 -7.73470e-03
1.07029e+04 -7.70749e-03
1.07179e+04 -7.68028e-03
1.07329e+04 -7.65307e-03
1.07479e+04 -7.62586e-03
1.07629e+04 -7.59865e-03
1.07779e+04 -7.57143e-03
1.07929e+04 -7.54422e-03
1.08079e+04 -7.51701e-03
1.08229e+04 -7.48980e-03
1.08379e+04 -7.46259e-03
1.08529e+04 -7.43538e-03
1.08680e+04 -7.40817e-03
1.08830e+04 -7.38096e-03
1.08980e+04 -7.35374e-03
1.09130e+04 -7.32653e-03
1.09280e+04 -7.29932e-03
1.09430e+04 -7.27211e-03
1.09580e+04 -7.24490e-03
1.09730e+04 -7.21769e-03
1.09880e+04 -7.19048e-03
1.10030e+04 -7.16326e-03
1.10180e+04 -7.13605e-03
1.10330e+04 -7.10884e-03
1.10481e+04 -7.08163e-03
1.10631e+04 -7.05442e-03
1.10781e+04 -7.02721e-03
1.10931e+04 -7.00000e-03
1.11081e+04 -6.97278e-03
1.11231e+04 -6.94557e-03
1.11381e+04 -6.91836e-03
1.11531e+04 -6.89115e-03
1.11681e+04 -6.86394e-03
1.11831e+04 -6.83673e-03
1.11981e+04 -6.80952e-03
1.12131e+04 -6.78230e-03
1.12282e+04 -6.75509e-03
1.12432e+04 -6.72788e-03
1.12582e+04 -6.70067e-03
1.12732e+04 -6.67346e-03
1.12882e+04 -6.64625e-03
1.13032e+04 -6.61904e-03
1.13182e+04 -6.59182e-03
1.13332e+04 -6.56461e-03
1.13482e+04 -6.53740e-03
1.13632e+04 -6.51019e-03
1.13782e+04 -6.48298e-03
1.13932e+04 -6.45577e-03
1.14083e+04 -6.42856e-03
1.14233e+04 -6.40134e-03
1.14383e+04 -6.37413e-03
1.14533e+04 -6.34692e-03
1.14683e+04 -6.31971e-03
1.14833e+04 -6.29250e-03
1.14983e+04 -6.26529e-03
1.15133e+04 -6.23808e-03
1.15283e+04 -6.21087e-03
1.15433e+04 -6.18365e-03
1.15583e+04 -6.15644e-03
1.15733e+04 -6.12923e-03
1.15884e+04 -6.10202e-03
1.16034e+04 -6.07481e-03
1.16184e+04 -6.04760e-03
1.16334e+04 -6.02039e-03
1.16484e+04 -5.99317e-03
1.16634e+04 -5.96596e-03
1.16784e+04 -5.93875e-03
1.16934e+04 -5.91154e-03
1.17084e+04 -5.88433e-03
1.17234e+04 -5.85712e-03
1.17384e+04 -5.82991e-03
1.17534e+04 -5.80269e-03
1.17685e+04 -5.77548e-03
1.17835e+04 -5.74827e-03
1.17985e+04 -5.72106e-03
1.18135e+04 -5.69385e-03
1.18285e+04 -5.66664e-03
1.18435e+04 -5.63943e-03
1.18585e+04 -5.61221e-03
1.18735e+04 -5.58500e-03
1.18885e+04 -5.55779e-03
1.19035e+04 -5.53058e-03
1.19185e+04 -5.50337e-03
1.19335e+04 -5.47616e-03
1.19486e+04 -5.44895e-03
1.19636e+04 -5.42173e-03
1.19786e+04 -5.39452e-03
1.19936e+04 -5.36731e-03
1.20086e+04 -5.34010e-03
1.20236e+04 -5.31289e-03
1.20386e+04 -5.28568e-03
1.20536e+04 -5.25847e-03
1.20686e+04 -5.23125e-03
1.20836e+04 -5.20404e-03
1.20986e+04 -5.17683e-03
1.21136e+04 -5.14962e-03
1.21287e+04 -5.12241e-03
1.21437e+04 -5.09520e-03
1.21587e+04 -5.06799e-03
1.21737e+04 -5.04078e-03
1.21887e+04 -5.01356e-03
1.22037e+04 -4.98635e-03
1.22187e+04 -4.95914e-03
1.22337e+04 -4.93193e-03
1.22487e+04 -4.90472e-03
1.22637e+04 -4.87751e-03
1.22787e+04 -4.85030e-03
1.22937e+04 -4.82308e-03
1.23088e+04 -4.79587e-03
1.23238e+04 -4.76866e-03
1.23388e+04 -4.74145e-03
1.23538e+04 -4.71424e-03
1.23688e+04 -4.68703e-03
1.23838e+04 -4.65982e-03
1.23988e+04 -4.63260e-03
1.24138e+04 -4.60539e-03
1.24288e+04 -4.57818e-03
1.24438e+04 -4.55097e-03
1.24588e+04 -4.52376e-03
1.24738e+04 -4.49655e-03
1.24889e+04 -4.46934e-03
1.25039e+04 -4.44212e-03
1.25189e+04 -4.41491e-03
1.25339e+04 -4.38770e-03
1.25489e+04 -4.36049e-03
1.25639e+04 -4.33328e-03
1.25789e+04 -4.30607e-03
1.25939e+04 -4.27886e-03
1.26089e+04 -4.25164e-03
1.26239e+04 -4.22443e-03
1.26389e+04 -4.19722e-03
1.26539e+04 -4.17001e-03
1.26690e+04 -4.14280e-03
1.26840e+04 -4.11559e-03
1.26990e+04 -4.08838e-03
1.27140e+04 -4.06116e-03
1.27290e+04 -4.03395e-03
1.27440e+04 -4.00674e-03
1.27590e+04 -3.97953e-03
1.27740e+04 -3.95232e-03
1.27890e+04 -3.92511e-03
1.28040e+04 -3.89790e-03
1.28190e+04 -3.87069e-03
1.28341e+04 -3.84347e-03
1.28491e+04 -3.81626e-03
1.28641e+04 -3.78905e-03
1.28791e+04 -3.76184e-03
1.28941e+04 -3.73463e-03
1.29091e+04 -3.70742e-03
1.29241e+04 -3.68021e-03
1.29391e+04 -3.65299e-03
1.29541e+04 -3.62578e-03
1.29691e+04 -3.59857e-03
1.29841e+04 -3.57136e-03
1.29991e+04 -3.54415e-03
1.30142e+04 -3.51694e-03
1.30292e+04 -3.48973e-03
1.30442e+04 -3.46251e-03
1.30592e+04 -3.43530e-03
1.30742e+04 -3.40809e-03
1.30892e+04 -3.38088e-03
1.31042e+04 -3.35367e-03
1.31192e+04 -3.32646e-03
1.31342e+04 -3.29925e-03
1.31492e+04 -3.27203e-03
1.31642e+04 -3.24482e-03
1.31792e+04 -3.21761e-03
1.31943e+04 -3.19040e-03
1.32093e+04 -3.16319e-03
1.32243e+04 -3.13598e-03
1.32393e+04 -3.10877e-03
1.32543e+04 -3.08155e-03
1.32693e+04 -3.05434e-03
1.32843e+04 -3.02713e-03
1.32993e+04 -2.99992e-03
1.33143e+04 -2.97271e-03
1.33293e+04 -2.94550e-03
1.33443e+04 -2.91829e-03
1.33593e+04 -2.89108e-03
1.33744e+04 -2.86386e-03
1.33894e+04 -2.83665e-03
1.34044e+04 -2.80944e-03
1.34194e+04 -2.78223e-03
1.34344e+04 -2.75502e-03
1.34494e+04 -2.72781e-03
1.34644e+04 -2.70060e-03
1.34794e+04 -2.67338e-03
1.34944e+04 -2.64617e-03
1.35094e+04 -2.61896e-03
1.35244e+04 -2.59175e-03
1.35394e+04 -2.56454e-03
1.35545e+04 -2.53733e-03
1.35695e+04 -2.51012e-03
1.35845e+04 -2.48290e-03
1.35995e+04 -2.45569e-03
1.36145e+04 -2.42848e-03
1.36295e+04 -2.40127e-03
1.36445e+04 -2.37406e-03
1.36595e+04 -2.34685e-03
1.36745e+04 -2.31964e-03
1.36895e+04 -2.29242e-03
1.37045e+04 -2.26521e-03
1.37195e+04 -2.23800e-03
1.37346e+04 -2.21079e-03
1.37496e+04 -2.18358e-03
1.37646e+04 -2.15637e-03
1.37796e+04 -2.12916e-03
1.37946e+04 -2.10194e-03
1.38096e+04 -2.07473e-03
1.38246e+04 -2.04752e-03
1.38396e+04 -2.02031e-03
1.38546e+04 -1.99310e-03
1.38696e+04 -1.96589e-03
1.38846e+04 -1.93868e-03
1.38996e+04 -1.91146e-03
1.39147e+04 -1.88425e-03
1.39297e+04 -1.85704e-03
1.39447e+04 -1.82983e-03
1.39597e+04 -1.80262e-03
1.39747e+04 -1.77541e-03
1.39897e+04 -1.74820e-03
1.40047e+04 -1.72099e-03
1.40197e+04 -1.69377e-03
1.40347e+04 -1.66656e-03
1.40497e+04 -1.63935e-03
1.40647e+04 -1.61214e-03
1.40797e+04 -1.58493e-03
1.40948e+04 -1.55772e-03
1.41098e+04 -1.53051e-03
1.41248e+04 -1.50329e-03
1.41398e+04 -1.47608e-03
1.41548e+04 -1.44887e-03
1.41698e+04 -1.42166e-03
1.41848e+04 -1.39445e-03
1.41998e+04 -1.36724e-03
1.42148e+04 -1.34003e-03
1.42298e+04 -1.31281e-03
1.42448e+04 -1.28560e-03
1.42598e+04 -1.25839e-03
1.42749e+04 -1.23118e-03
1.42899e+04 -1.20397e-03
1.43049e+04 -1.17676e-03
1.43199e+04 -1.14955e-03
1.43349e+04 -1.12233e-03
1.43499e+04 -1.09512e-03
1.43649e+04 -1.06791e-03
1.43799e+04 -1.04070e-03
1.43949e+04 -1.01349e-03
1.44099e+04 -9.86277e-04
1.44249e+04 -9.59066e-04
1.44399e+04 -9.31855e-04
1.44550e+04 -9.04643e-04
1.44700e+04 -8.77432e-04
1.44850e+04 -8.50221e-04
1.45000e+04 -8.23009e-04
1.45150e+04 -7.95798e-04
1.45300e+04 -7.68586e-04
1.45450e+04 -7.41375e-04
1.45600e+04 -7.14164e-04
1.45750e+04 -6.86952e-04
1.45900e+04 -6.59741e-04
1.46050e+04 -6.32529e-04
1.46200e+04 -6.05318e-04
1.46351e+04 -5.78107e-04
1.46501e+04 -5.50895e-04
1.46651e+04 -5.23684e-04
1.46801e+04 -4.96472e-04
1.46951e+04 -4.69261e-04
1.47101e+04 -4.42050e-04
1.47251e+04 -4.14838e-04
1.47401e+04 -3.87627e-04
1.47551e+04 -3.60415e-04
1.47701e+04 -3.33204e-04
1.47851e+04 -3.05993e-04
1.48001e+04 -2.78781e-04
1.48152e+04 -2.51570e-04
1.48302e+04 -2.24358e-04
1.48452e+04 -1.97147e-04
1.48602e+04 -1.69936e-04
1.48752e+04 -1.42724e-04
1.48902e+04 -1.15513e-04
1.49052e+04 -8.83015e-05
1.49202e+04 -6.10901e-05
1.49352e+04 -3.38787e-05
1.49502e+04 -6.66732e-06
1.49652e+04 2.05441e-05
1.49802e+04 4.77555e-05
1.49953e+04 7.49669e-05
1.50103e+04 1.02178e-04
1.50253e+04 1.29390e-04
1.50403e+04 1.56601e-04
1.50553e+04 1.83812e-04
1.50703e+04 2.11024e-04
1.50853e+04 2.38235e-04
1.51003e+04 2.65447e-04
1.51153e+04 2.92658e-04
1.51303e+04 3.19869e-04
1.51453e+04 3.47081e-04
1.51604e+04 3.74292e-04
1.51754e+04 4.01504e-04
1.51904e+04 4.28715e-04
1.52054e+04 4.55926e-04
1.52204e+04 4.83138e-04
1.52354e+04 5.10349e-04
1.52504e+04 5.37561e-04
1.52654e+04 5.64772e-04
1.52804e+04 5.91983e-04
1.52954e+04 6.19195e-04
1.53104e+04 6.46406e-04
1.53254e+04 6.73618e-04
1.53405e+04 7.00829e-04
1.53555e+04 7.28040e-04
1.53705e+04 7.55252e-04
1.53855e+04 7.82463e-04
1.54005e+04 8.09674e-04
1.54155e+04 8.36886e-04
1.54305e+04 8.64097e-04
1.54455e+04 8.91309e-04
1.54605e+04 9.18520e-04
1.54755e+04 9.45731e-04
1.54905e+04 9.72943e-04
1.55055e+04 1.00015e-03
1.55206e+04 1.02737e-03
1.55356e+04 1.05458e-03
1.55506e+04 1.08179e-03
1.55656e+04 1.10900e-03
1.55806e+04 1.13621e-03
1.55956e+04 1.16342e-03
1.56106e+04 1.19063e-03
1.56256e+04 1.21785e-03
1.56406e+04 1.24506e-03
1.56556e+04 1.27227e-03
1.56706e+04 1.29948e-03
1.56856e+04 1.32669e-03
1.57007e+04 1.35390e-03
1.57157e+04 1.38111e-03
1.57307e+04 1.40833e-03
1.57457e+04 1.43554e-03
1.57607e+04 1.46275e-03
1.57757e+04 1.48996e-03
1.57907e+04 1.51717e-03
1.58057e+04 1.54438e-03
1.58207e+04 1.57159e-03
1.58357e+04 1.59880e-03
1.58507e+04 1.62602e-03
1.58657e+04 1.65323e-03
1.58808e+04 1.68044e-03
1.58958e+04 1.70765e-03
1.59108e+04 1.73486e-03
1.59258e+04 1.76207e-03
1.59408e+04 1.78928e-03
1.59558e+04 1.81650e-03
1.59708e+04 1.84371e-03
1.59858e+04 1.87092e-03
1.60008e+04 1.89813e-03
1.60158e+04 1.92534e-03
1.60308e+04 1.95255e-03
1.60458e+04 1.97976e-03
1.60609e+04 2.00698e-03
1.60759e+04 2.03419e-03
1.60909e+04 2.06140e-03
1.61059e+04 2.08861e-03
1.61209e+04 2.11582e-03
1.61359e+04 2.14303e-03
1.61509e+04 2.17024e-03
1.61659e+04 2.19746e-03
1.61809e+04 2.22467e-03
1.61959e+04 2.25188e-03
1.62109e+04 2.27909e-03
1.62259e+04 2.30630e-03
1.62410e+04 2.33351e-03
1.62560e+04 2.36072e-03
1.62710e+04 2.38794e-03
1.62860e+04 2.41515e-03
1.63010e+04 2.44236e-03
1.63160e+04 2.46957e-03
1.63310e+04 2.49678e-03
1.63460e+04 2.52399e-03
1.63610e+04 2.55120e-03
1.63760e+04 2.57842e-03
1.63910e+04 2.60563e-03
1.64060e+04 2.63284e-03
1.64211e+04 2.66005e-03
1.64361e+04 2.68726e-03
1.64511e+04 2.71447e-03
1.64661e+04 2.74168e-03
1.64811e+04 2.76889e-03
1.64961e+04 2.79611e-03
1.65111e+04 2.81132e-03
1.65261e+04 2.82654e-03
1.65411e+04 2.84175e-03
1.65561e+04 2.85697e-03
1.65711e+04 2.87218e-03
1.65861e+04 2.88740e-03
1.66011e+04 2.90261e-03
1.66161e+04 2.91783e-03
1.66312e+04 2.93304e-03
1.66462e+04 2.94826e-03
1.66612e+04 2.96348e-03
1.66762e+04 2.97869e-03
1.66912e+04 2.99391e-03
1.67062e+04 3.00912e-03
1.67212e+04 3.02434e-03
1.67362e+04 3.03955e-03
1.67512e+04 3.05477e-03
1.67662e+04 3.06998e-03
1.67812e+04 3.08520e-03
1.67962e+04 3.10041e-03
1.68112e+04 3.11563e-03
1.68262e+04 3.13085e-03
1.68412e+04 3.14606e-03
1.68563e+04 3.16128e-03
1.68713e+04 3.17649e-03
1.68863e+04 3.19171e-03
1.69013e+04 3.20692e-03
1.69163e+04 3.22214e-03
1.69313e+04 3.23735e-03
1.69463e+04 3.25257e-03
1.69613e+04 3.26778e-03
1.69763e+04 3.28300e-03
1.69913e+04 3.29821e-03
1.70063e+04 3.31343e-03
1.70213e+04 3.32865e-03
1.70363e+04 3.34386e-03
1.70513e+04 3.35908e-03
1.70663e+04 3.37429e-03
1.70814e+04 3.38951e-03
1.70964e+04 3.40472e-03
1.71114e+04 3.41994e-03
1.71264e+04 3.43515e-03
1.71414e+04 3.45037e-03
1.71564e+04 3.46558e-03
1.71714e+04 3.49430e-03
1.71864e+04 3.52331e-03
1.72014e+04 3.55232e-03
1.72164e+04 3.58132e-03
1.72314e+04 3.61033e-03
1.72464e+04 3.63934e-03
1.72614e+04 3.66834e-03
1.72764e+04 3.69735e-03
1.72914e+04 3.72636e-03
1.73065e+04 3.75536e-03
1.73215e+04 3.78437e-03
1.73365e+04 3.81337e-03
1.73515e+04 3.84238e-03
1.73665e+04 3.87139e-03
1.73815e+04 3.90039e-03
1.73965e+04 3.92940e-03
1.74115e+04 3.95841e-03
1.74265e+04 3.98741e-03
1.74415e+04 4.01642e-03
1.74565e+04 4.04543e-03
1.74715e+04 4.07443e-03
1.74865e+04 4.10344e-03
1.75015e+04 4.13245e-03
1.75165e+04 4.16145e-03
1.75316e+04 4.19046e-03
1.75466e+04 4.21947e-03
1.75616e+04 4.24847e-03
1.75766e+04 4.27748e-03
1.75916e+04 4.30648e-03
1.76066e+04 4.33549e-03
1.76216e+04 4.36450e-03
1.76366e+04 4.39350e-03
1.76516e+04 4.42251e-03
1.76666e+04 4.45152e-03
1.76816e+04 4.48052e-03
1.76966e+04 4.50953e-03
1.77116e+04 4.53854e-03
1.77266e+04 4.56754e-03
1.77416e+04 4.59655e-03
1.77566e+04 4.62556e-03
1.77717e+04 4.65456e-03
1.77867e+04 4.68357e-03
1.78017e+04 4.71257e-03
1.78167e+04 4.74158e-03
1.78317e+04 4.77059e-03
1.78467e+04 4.79959e-03
1.78617e+04 4.82860e-03
1.78767e+04 4.85761e-03
1.78917e+04 4.88661e-03
1.79067e+04 4.91562e-03
1.79217e+04 4.94463e-03
1.79367e+04 4.97363e-03
1.79517e+04 5.00264e-03
1.79667e+04 5.03165e-03
1.79817e+04 5.06065e-03
1.79968e+04 5.08966e-03
1.80118e+04 5.11867e-03
1.80268e+04 5.14767e-03
1.80418e+04 5.17668e-03
1.80568e+04 5.20568e-03
1.80718e+04 5.23469e-03
1.80868e+04 5.26370e-03
1.81018e+04 5.29270e-03
1.81168e+04 5.32171e-03
1.81318e+04 5.35072e-03
1.81468e+04 5.37972e-03
1.81618e+04 5.40873e-03
1.81768e+04 5.43774e-03
1.81918e+04 5.46674e-03
1.82068e+04 5.49575e-03
1.82219e+04 5.52476e-03
1.82369e+04 5.55376e-03
1.82519e+04 5.58277e-03
1.82669e+04 5.61178e-03
1.82819e+04 5.64078e-03
1.82969e+04 5.66979e-03
1.83119e+04 5.69879e-03
1.83269e+04 5.72780e-03
1.83419e+04 5.75681e-03
1.83569e+04 5.78581e-03
1.83719e+04 5.81482e-03
1.83869e+04 5.84383e-03
1.84019e+04 5.87283e-03
1.84169e+04 5.90184e-03
1.84319e+04 5.93085e-03
1.84470e+04 5.95985e-03
1.84620e+04 5.98886e-03
1.84770e+04 6.01787e-03
1.84920e+04 6.04687e-03
1.85070e+04 6.07588e-03
1.85220e+04 6.10488e-03
1.85370e+04 6.13389e-03
1.85520e+04 6.16290e-03
1.85670e+04 6.19190e-03
1.85820e+04 6.22091e-03
1.85970e+04 6.24992e-03
1.86120e+04 6.27892e-03
1.86270e+04 6.30793e-03
1.86420e+04 6.33694e-03
1.86570e+04 6.36594e-03
1.86721e+04 6.39495e-03
1.86871e+04 6.42396e-03
1.87021e+04 6.45296e-03
1.87171e+04 6.48197e-03
1.87321e+04 6.51098e-03
1.87471e+04 6.53998e-03
1.87621e+04 6.56899e-03
1.87771e+04 6.59799e-03
1.87921e+04 6.62700e-03
1.88071e+04 6.65601e-03
1.88221e+04 6.68501e-03
1.88371e+04 6.71402e-03
1.88521e+04 6.74303e-03
1.88671e+04 6.77203e-03
1.88821e+04 6.80104e-03
1.88971e+04 6.83005e-03
1.89122e+04 6.85905e-03
1.89272e+04 6.88806e-03
1.89422e+04 6.91707e-03
1.89572e+04 6.94607e-03
1.89722e+04 6.97508e-03
1.89872e+04 7.00408e-03
1.90022e+04 7.03309e-03
1.90172e+04 7.06210e-03
1.90322e+04 7.09110e-03
1.90472e+04 7.12011e-03
1.90622e+04 7.14912e-03
1.90772e+04 7.17812e-03
1.90922e+04 7.20713e-03
1.91072e+04 7.23614e-03
1.91222e+04 7.26514e-03
1.91373e+04 7.29415e-03
1.91523e+04 7.32316e-03
1.91673e+04 7.35216e-03
1.91823e+04 7.38117e-03
1.91973e+04 7.41018e-03
1.92123e+04 7.43918e-03
1.92273e+04 7.46819e-03
1.92423e+04 7.49719e-03
1.92573e+04 7.52620e-03
1.92723e+04 7.55521e-03
1.92873e+04 7.58421e-03
1.93023e+04 7.61322e-03
1.93173e+04 7.64223e-03
1.93323e+04 7.67123e-03
1.93473e+04 7.70024e-03
1.93624e+04 7.72925e-03
1.93774e+04 7.75825e-03
1.93924e+04 7.78726e-03
1.94074e+04 7.81627e-03
1.94224e+04 7.84527e-03
1.94374e+04 7.87428e-03
1.94524e+04 7.90328e-03
1.94674e+04 7.93229e-03
1.94824e+04 7.96130e-03
1.94974e+04 7.99030e-03
1.95124e+04 8.01931e-03
1.95274e+04 8.04832e-03
1.95424e+04 8.07732e-03
1.95574e+04 8.10633e-03
1.95724e+04 8.13534e-03
1.95875e+04 8.16434e-03
1.96025e+04 8.19335e-03
1.96175e+04 8.22236e-03
1.96325e+04 8.25136e-03
1.96475e+04 8.28037e-03
1.96625e+04 8.30938e-03
1.96775e+04 8.33838e-03
1.96925e+04 8.36739e-03
1.97075e+04 8.39639e-03
1.97225e+04 8.42540e-03
1.97375e+04 8.45441e-03
1.97525e+04 8.48341e-03
1.97675e+04 8.51242e-03
1.97825e+04 8.54143e-03
1.97975e+04 8.57043e-03
1.98126e+04 8.59944e-03
1.98276e+04 8.62845e-03
1.98426e+04 8.65745e-03
1.98576e+04 8.68646e-03
1.98726e+04 8.71547e-03
1.98876e+04 8.74447e-03
1.99026e+04 8.77348e-03
1.99176e+04 8.80248e-03
1.99326e+04 8.83149e-03
1.99476e+04 8.86050e-03
1.99626e+04 8.88950e-03
1.99776e+04 8.91851e-03
1.99926e+04 8.94752e-03
2.00076e+04 8.97652e-03
2.00226e+04 9.00553e-03
2.00376e+04 9.03454e-03
2.00527e+04 9.06354e-03
2.00677e+04 9.09255e-03
2.00827e+04 9.12156e-03
2.00977e+04 9.15056e-03
2.01127e+04 9.17957e-03
2.01277e+04 9.20858e-03
2.01427e+04 9.23758e-03
2.01577e+04 9.26659e-03
2.01727e+04 9.29559e-03
2.01877e+04 9.32460e-03
2.02027e+04 9.35361e-03
2.02177e+04 9.38261e-03
2.02327e+04 9.41162e-03
2.02477e+04 9.44063e-03
2.02627e+04 9.46963e-03
2.02778e+04 9.49864e-03
2.02928e+04 9.52765e-03
2.03078e+04 9.55665e-03
2.03228e+04 9.58566e-03
2.03378e+04 9.61467e-03
2.03528e+04 9.64367e-03
2.03678e+04 9.67268e-03
2.03828e+04 9.70168e-03
2.03978e+04 9.73069e-03
2.04128e+04 9.75970e-03
2.04278e+04 9.78870e-03
2.04428e+04 9.81771e-03
2.04578e+04 9.84672e-03
2.04728e+04 9.87572e-03
2.04878e+04 9.90473e-03
2.05029e+04 9.93374e-03
2.05179e+04 9.96274e-03
2.05329e+04 9.99175e-03
2.05479e+04 1.00208e-02
2.05629e+04 1.00498e-02
2.05779e+04 1.00787e-02
2.05929e+04 1.01077e-02
2.06079e+04 1.01367e-02
2.06229e+04 1.01657e-02
2.06380e+04 1.01947e-02
2.06530e+04 1.02237e-02
2.06680e+04 1.02527e-02
2.06830e+04 1.02817e-02
2.06980e+04 1.03106e-02
2.07130e+04 1.03396e-02
2.07281e+04 1.03686e-02
2.07431e+04 1.03976e-02
2.07581e+04 1.04266e-02
2.07731e+04 1.04556e-02
2.07881e+04 1.04846e-02
2.08031e+04 1.05135e-02
2.08182e+04 1.05425e-02
2.08332e+04 1.05715e-02
2.08482e+04 1.06005e-02
2.08632e+04 1.06295e-02
2.08782e+04 1.06585e-02
2.08932e+04 1.06875e-02
2.09083e+04 1.07165e-02
2.09233e+04 1.07454e-02
2.09383e+04 1.07744e-02
2.09533e+04 1.08034e-02
2.09683e+04 1.08324e-02
2.09833e+04 1.08614e-02
2.09983e+04 1.08904e-02
2.10134e+04 1.09194e-02
2.10284e+04 1.09483e-02
2.10434e+04 1.09773e-02
2.10584e+04 1.10063e-02
2.10734e+04 1.10353e-02
2.10884e+04 1.10643e-02
2.11035e+04 1.10933e-02
2.11185e+04 1.11223e-02
2.11335e+04 1.11513e-02
2.11485e+04 1.11802e-02
2.11635e+04 1.12092e-02
2.11785e+04 1.12382e-02
2.11936e+04 1.12672e-02
2.12086e+04 1.12962e-02
2.12236e+04 1.13252e-02
2.12386e+04 1.13542e-02
2.12536e+04 1.13831e-02
2.12686e+04 1.14121e-02
2.12837e+04 1.14411e-02
2.12987e+04 1.14701e-02
2.13137e+04 1.14991e-02
2.13287e+04 1.15281e-02
2.13437e+04 1.15571e-02
2.13587e+04 1.15860e-02
2.13738e+04 1.16150e-02
2.13888e+04 1.16440e-02
2.14038e+04 1.16730e-02
2.14188e+04 1.17020e-02
2.14338e+04 1.17310e-02
2.14488e+04 1.17600e-02
2.14639e+04 1.17890e-02
2.14789e+04 1.18179e-02
2.14939e+04 1.18469e-02
2.15089e+04 1.18759e-02
2.15239e+04 1.19049e-02
2.15389e+04 1.19339e-02
2.15539e+04 1.19629e-02
2.15690e+04 1.19919e-02
2.15840e+04 1.20208e-02
2.15990e+04 1.20498e-02
2.16140e+04 1.20788e-02
2.16290e+04 1.21078e-02
2.16440e+04 1.21368e-02
2.16591e+04 1.21658e-02
2.16741e+04 1.21948e-02
2.16891e+04 1.22238e-02
2.17041e+04 1.22527e-02
2.17191e+04 1.22817e-02
2.17341e+04 1.23107e-02
2.17492e+04 1.23397e-02
2.17642e+04 1.23687e-02
2.17792e+04 1.23977e-02
2.17942e+04 1.24267e-02
2.18092e+04 1.24556e-02
2.18242e+04 1.24846e-02
2.18393e+04 1.25136e-02
2.18543e+04 1.25426e-02
2.18693e+04 1.25716e-02
2.18843e+04 1.26006e-02
2.18993e+04 1.26296e-02
2.19143e+04 1.26586e-02
2.19294e+04 1.26875e-02
2.19444e+04 1.27165e-02
2.19594e+04 1.27455e-02
2.19744e+04 1.27745e-02
2.19894e+04 1.28035e-02
2.20044e+04 1.28325e-02
2.20194e+04 1.28615e-02
2.20345e+04 1.28904e-02
2.20495e+04 1.29194e-02
2.20645e+04 1.29484e-02
2.20795e+04 1.29774e-02
2.20945e+04 1.30064e-02
2.21095e+04 1.30354e-02
2.21246e+04 1.30644e-02
2.21396e+04 1.30933e-02
2.21546e+04 1.31223e-02
2.21696e+04 1.31513e-02
2.21846e+04 1.31803e-02
2.21996e+04 1.32093e-02
2.22147e+04 1.32383e-02
2.22297e+04 1.32673e-02
2.22447e+04 1.32963e-02
2.22597e+04 1.33252e-02
2.22747e+04 1.33751e-02
2.22897e+04 1.34334e-02
2.23048e+04 1.34917e-02
2.23198e+04 1.35499e-02
2.23348e+04 1.36082e-02
2.23498e+04 1.36664e-02
2.23648e+04 1.37247e-02
2.23798e+04 1.37829e-02
2.23949e+04 1.38412e-02
2.24099e+04 1.38995e-02
2.24249e+04 1.39577e-02
2.24399e+04 1.40160e-02
2.24549e+04 1.40742e-02
2.24699e+04 1.41325e-02
2.24849e+04 1.41907e-02
2.25000e+04 1.42490e-02
2.25150e+04 1.43073e-02
2.25300e+04 1.43655e-02
2.25450e+04 1.44238e-02
2.25600e+04 1.44820e-02
2.25750e+04 1.45403e-02
2.25901e+04 1.45985e-02
2.26051e+04 1.46568e-02
2.26201e+04 1.47151e-02
2.26351e+04 1.47733e-02
2.26501e+04 1.48316e-02
2.26651e+04 1.48898e-02
2.26802e+04 1.49481e-02
2.26952e+04 1.50063e-02
2.27102e+04 1.50646e-02
2.27252e+04 1.51229e-02
2.27402e+04 1.51811e-02
2.27552e+04 1.52394e-02
2.27703e+04 1.52976e-02
2.27853e+04 1.53559e-02
2.28003e+04 1.54141e-02
2.28153e+04 1.54724e-02
2.28303e+04 1.55307e-02
2.28453e+04 1.55889e-02
2.28604e+04 1.56472e-02
2.28754e+04 1.57054e-02
2.28904e+04 1.57637e-02
2.29054e+04 1.58219e-02
2.29204e+04 1.58802e-02
2.29354e+04 1.59385e-02
2.29505e+04 1.59967e-02
2.29655e+04 1.60550e-02
2.29805e+04 1.61132e-02
2.29955e+04 1.61715e-02
2.30105e+04 1.62297e-02
2.30255e+04 1.62880e-02
2.30405e+04 1.63462e-02
2.30556e+04 1.64045e-02
2.30706e+04 1.64628e-02
2.30856e+04 1.65210e-02
2.31006e+04 1.65793e-02
2.31156e+04 1.66375e-02
2.31306e+04 1.66958e-02
2.31457e+04 1.67540e-02
2.31607e+04 1.68123e-02
2.31757e+04 1.68706e-02
2.31907e+04 1.69288e-02
2.32057e+04 1.69871e-02
2.32207e+04 1.70453e-02
2.32358e+04 1.71036e-02
2.32508e+04 1.71618e-02
2.32658e+04 1.72201e-02
2.32808e+04 1.72784e-02
2.32958e+04 1.73366e-02
2.33108e+04 1.73949e-02
2.33259e+04 1.74531e-02
2.33409e+04 1.75114e-02
2.33559e+04 1.75696e-02
2.33709e+04 1.76279e-02
2.33859e+04 1.76862e-02
2.34009e+04 1.77444e-02
2.34160e+04 1.78027e-02
2.34310e+04 1.78609e-02
2.34460e+04 1.79192e-02
2.34610e+04 1.79774e-02
2.34760e+04 1.80357e-02
2.34910e+04 1.80940e-02
2.35060e+04 1.81522e-02
2.35211e+04 1.82105e-02
2.35361e+04 1.82687e-02
2.35511e+04 1.83270e-02
2.35661e+04 1.83852e-02
2.35811e+04 1.84435e-02
2.35961e+04 1.85018e-02
2.36112e+04 1.85600e-02
2.36262e+04 1.86183e-02
2.36412e+04 1.86765e-02
2.36562e+04 1.87348e-02
2.36712e+04 1.87930e-02
2.36862e+04 1.88513e-02
2.37013e+04 1.89096e-02
2.37163e+04 1.89678e-02
2.37313e+04 1.90261e-02
2.37463e+04 1.90843e-02
2.37613e+04 1.91426e-02
2.37763e+04 1.92008e-02
2.37914e+04 1.92591e-02
2.38064e+04 1.93174e-02
2.38214e+04 1.93756e-02
2.38364e+04 1.94339e-02
2.38514e+04 1.94921e-02
2.38664e+04 1.95504e-02
2.38815e+04 1.96086e-02
2.38965e+04 1.96669e-02
2.39115e+04 1.97252e-02
2.39265e+04 1.97834e-02
2.39415e+04 1.98417e-02
2.39565e+04 1.98999e-02
2.39715e+04 1.99582e-02
2.39866e+04 2.00164e-02
2.40016e+04 2.00747e-02
2.40166e+04 2.01330e-02
2.40316e+04 2.01912e-02
2.40466e+04 2.02495e-02
2.40616e+04 2.03077e-02
2.40767e+04 2.03660e-02
2.40917e+04 2.04242e-02
2.41067e+04 2.04825e-02
2.41217e+04 2.05408e-02
2.41367e+04 2.05990e-02
2.41517e+04 2.06573e-02
2.41668e+04 2.07155e-02
2.41818e+04 2.07738e-02
2.41968e+04 2.08320e-02
2.42118e+04 2.08903e-02
2.42268e+04 2.09486e-02
2.42418e+04 2.10068e-02
2.42569e+04 2.10651e-02
2.42719e+04 2.11233e-02
2.42869e+04 2.11816e-02
2.43019e+04 2.12398e-02
2.43169e+04 2.12981e-02
2.43319e+04 2.13564e-02
2.43470e+04 2.14146e-02
2.43620e+04 2.14729e-02
2.43770e+04 2.15311e-02
2.43920e+04 2.15894e-02
2.44070e+04 2.16476e-02
2.44220e+04 2.17059e-02
2.44371e+04 2.17642e-02
2.44521e+04 2.18224e-02
2.44671e+04 2.18807e-02
2.44821e+04 2.19389e-02
2.44971e+04 2.19972e-02
2.45121e+04 2.20554e-02
2.45271e+04 2.21137e-02
2.45422e+04 2.21720e-02
2.45572e+04 2.22302e-02
2.45722e+04 2.22885e-02
2.45872e+04 2.23467e-02
2.46022e+04 2.24050e-02
2.46172e+04 2.24632e-02
2.46323e+04 2.25215e-02
2.46473e+04 2.25797e-02
2.46623e+04 2.26380e-02
2.46773e+04 2.26963e-02
2.46923e+04 2.27545e-02
2.47073e+04 2.28128e-02
2.47224e+04 2.28710e-02
2.47374e+04 2.29293e-02
2.47524e+04 2.29875e-02
2.47674e+04 2.30458e-02
2.47824e+04 2.31041e-02
2.47974e+04 2.31623e-02
2.48125e+04 2.32206e-02
2.48275e+04 2.32788e-02
2.48425e+04 2.33371e-02
2.48575e+04 2.33953e-02
2.48725e+04 2.34536e-02
2.48875e+04 2.35119e-02
2.49026e+04 2.35701e-02
2.49176e+04 2.36284e-02
2.49326e+04 2.36866e-02
2.49476e+04 2.37449e-02
2.49626e+04 2.38031e-02
2.49776e+04 2.38614e-02
2.49926e+04 2.39197e-02
2.50077e+04 2.39779e-02
2.50227e+04 2.40362e-02
2.50377e+04 2.40944e-02
2.50527e+04 2.41527e-02
2.50677e+04 2.42109e-02
2.50827e+04 2.42692e-02
2.50978e+04 2.43275e-02
2.51128e+04 2.43857e-02
2.51278e+04 2.44440e-02
2.51428e+04 2.45022e-02
2.51578e+04 2.45605e-02
2.51728e+04 2.46187e-02
2.51879e+04 2.46770e-02
2.52029e+04 2.47353e-02
2.52179e+04 2.47935e-02
2.52329e+04 2.48518e-02
2.52479e+04 2.49100e-02
2.52629e+04 2.49683e-02
2.52780e+04 2.50265e-02
2.52930e+04 2.50848e-02
2.53080e+04 2.51431e-02
2.53230e+04 2.52013e-02
2.53380e+04 2.52596e-02
2.53530e+04 2.53178e-02
2.53681e+04 2.53761e-02
2.53831e+04 2.54343e-02
2.53981e+04 2.54926e-02
2.54131e+04 2.55509e-02
2.54281e+04 2.56091e-02
2.54431e+04 2.56674e-02
2.54582e+04 2.57256e-02
2.54732e+04 2.57839e-02
2.54882e+04 2.58421e-02
2.55032e+04 2.59004e-02
2.55182e+04 2.59587e-02
2.55332e+04 2.60169e-02
2.55482e+04 2.60752e-02
2.55633e+04 2.61334e-02
2.55783e+04 2.61917e-02
2.55933e+04 2.62499e-02
2.56083e+04 2.63082e-02
2.56233e+04 2.63665e-02
2.56383e+04 2.64247e-02
2.56534e+04 2.64830e-02
2.56684e+04 2.65412e-02
2.56834e+04 2.65995e-02
2.56984e+04 2.66577e-02
2.57134e+04 2.67160e-02
2.57284e+04 2.67743e-02
2.57435e+04 2.68325e-02
2.57585e+04 2.68908e-02
2.57735e+04 2.69490e-02
2.57885e+04 2.70073e-02
2.58035e+04 2.70655e-02
2.58185e+04 2.71238e-02
2.58336e+04 2.71821e-02
2.58486e+04 2.72403e-02
2.58636e+04 2.72986e-02
2.58786e+04 2.73568e-02
2.58936e+04 2.74151e-02
2.59086e+04 2.74733e-02
2.59237e+04 2.75316e-02
2.59387e+04 2.75877e-02
2.59537e+04 2.76432e-02
2.59687e+04 2.76987e-02
2.59837e+04 2.77541e-02
2.59987e+04 2.78096e-02
2.60137e+04 2.78651e-02
2.60288e+04 2.79205e-02
2.60438e+04 2.79760e-02
2.60588e+04 2.80314e-02
2.60738e+04 2.80869e-02
2.60888e+04 2.81424e-02
2.61038e+04 2.81978e-02
2.61189e+04 2.82533e-02
2.61339e+04 2.83088e-02
2.61489e+04 2.83642e-02
2.61639e+04 2.84197e-02
2.61789e+04 2.84751e-02
2.61939e+04 2.85306e-02
2.62090e+04 2.85861e-02
2.62240e+04 2.86415e-02
2.62390e+04 2.86970e-02
2.62540e+04 2.87525e-02
2.62690e+04 2.88079e-02
2.62840e+04 2.88634e-02
2.62991e+04 2.89188e-02
2.63141e+04 2.89743e-02
2.63291e+04 2.90298e-02
2.63441e+04 2.90852e-02
2.63591e+04 2.91407e-02
2.63741e+04 2.91962e-02
2.63892e+04 2.92516e-02
2.64042e+04 2.93071e-02
2.64192e+04 2.93626e-02
2.64342e+04 2.94180e-02
2.64492e+04 2.94735e-02
2.64642e+04 2.95289e-02
2.64792e+04 2.95844e-02
2.64943e+04 2.96399e-02
2.65093e+04 2.96953e-02
2.65243e+04 2.97508e-02
2.65393e+04 2.98063e-02
2.65543e+04 2.98617e-02
2.65693e+04 2.99172e-02
2.65844e+04 2.99726e-02
2.65994e+04 3.00281e-02
2.66144e+04 3.00836e-02
2.66294e+04 3.01390e-02
2.66444e+04 3.01945e-02
2.66594e+04 3.02500e-02
2.66745e+04 3.03054e-02
2.66895e+04 3.03609e-02
2.67045e+04 3.04163e-02
2.67195e+04 3.04718e-02
2.67345e+04 3.05273e-02
2.67495e+04 3.05827e-02
2.67646e+04 3.06382e-02
2.67796e+04 3.06937e-02
2.67946e+04 3.07491e-02
2.68096e+04 3.08046e-02
2.68246e+04 3.08600e-02
2.68396e+04 3.09155e-02
2.68547e+04 3.09710e-02
2.68697e+04 3.10264e-02
2.68847e+04 3.10819e-02
2.68997e+04 3.11374e-02
2.69147e+04 3.11928e-02
2.69297e+04 3.12483e-02
2.69448e+04 3.13037e-02
2.69598e+04 3.13592e-02
2.69748e+04 3.14147e-02
2.69898e+04 3.14701e-02
2.70048e+04 3.15256e-02
2.70198e+04 3.15811e-02
2.70348e+04 3.16365e-02
2.70499e+04 3.16920e-02
2.70649e+04 3.17474e-02
2.70799e+04 3.18029e-02
2.70949e+04 3.18584e-02
2.71099e+04 3.19138e-02
2.71249e+04 3.19693e-02
2.71400e+04 3.20248e-02
2.71550e+04 3.20802e-02
2.71700e+04 3.21357e-02
2.71850e+04 3.21911e-02
2.72000e+04 3.22466e-02
2.72150e+04 3.23021e-02
2.72301e+04 3.23575e-02
2.72451e+04 3.24130e-02
2.72601e+04 3.24685e-02
2.72751e+04 3.25239e-02
2.72901e+04 3.25794e-02
2.73051e+04 3.26349e-02
2.73202e+04 3.26903e-02
2.73352e+04 3.27458e-02
2.73502e+04 3.28012e-02
2.73652e+04 3.28567e-02
2.73802e+04 3.29122e-02
2.73952e+04 3.29676e-02
2.74103e+04 3.30231e-02
2.74253e+04 3.30786e-02
2.74403e+04 3.31340e-02
2.74553e+04 3.31895e-02
2.74703e+04 3.32449e-02
2.74853e+04 3.33004e-02
2.75003e+04 3.33559e-02
2.75154e+04 3.34113e-02
2.75304e+04 3.34668e-02
2.75454e+04 3.35223e-02
2.75604e+04 3.35777e-02
2.75754e+04 3.36332e-02
2.75904e+04 3.36886e-02
2.76055e+04 3.37441e-02
2.76205e+04 3.37996e-02
2.76355e+04 3.38550e-02
2.76505e+04 3.39105e-02
2.76655e+04 3.39660e-02
2.76805e+04 3.40214e-02
2.76956e+04 3.40769e-02
2.77106e+04 3.41323e-02
2.77256e+04 3.41878e-02
2.77406e+04 3.42433e-02
2.77556e+04 3.42987e-02
2.77706e+04 3.43542e-02
2.77857e+04 3.44097e-02
2.78007e+04 3.44710e-02
2.78157e+04 3.45323e-02
2.78308e+04 3.45936e-02
2.78458e+04 3.46549e-02
2.78608e+04 3.47162e-02
2.78758e+04 3.47775e-02
2.78909e+04 3.48388e-02
2.79059e+04 3.49001e-02
2.79209e+04 3.49614e-02
2.79360e+04 3.50227e-02
2.79510e+04 3.50840e-02
2.79660e+04 3.51453e-02
2.79811e+04 3.52066e-02
2.79961e+04 3.52679e-02
2.80111e+04 3.53292e-02
2.80262e+04 3.53905e-02
2.80412e+04 3.54517e-02
2.80562e+04 3.55130e-02
2.80713e+04 3.55743e-02
2.80863e+04 3.56356e-02
2.81013e+04 3.56969e-02
2.81164e+04 3.57582e-02
2.81314e+04 3.58195e-02
2.81464e+04 3.58808e-02
2.81615e+04 3.59421e-02
2.81765e+04 3.60034e-02
2.81915e+04 3.60647e-02
2.82066e+04 3.61260e-02
2.82216e+04 3.61873e-02
2.82366e+04 3.62486e-02
2.82517e+04 3.63099e-02
2.82667e+04 3.63712e-02
2.82817e+04 3.64325e-02
2.82968e+04 3.64938e-02
2.83118e+04 3.65551e-02
2.83268e+04 3.66164e-02
2.83418e+04 3.66777e-02
2.83569e+04 3.67390e-02
2.83719e+04 3.68003e-02
2.83869e+04 3.68616e-02
2.84020e+04 3.69229e-02
2.84170e+04 3.69842e-02
2.84320e+04 3.70455e-02
2.84471e+04 3.71068e-02
2.84621e+04 3.71681e-02
2.84771e+04 3.72294e-02
2.84922e+04 3.72907e-02
2.85072e+04 3.73520e-02
2.85222e+04 3.74133e-02
2.85373e+04 3.74746e-02
2.85523e+04 3.75359e-02
2.85673e+04 3.75972e-02
2.85824e+04 3.76585e-02
2.85974e+04 3.77198e-02
2.86124e+04 3.77811e-02
2.86275e+04 3.78424e-02
2.86425e+04 3.79037e-02
2.86575e+04 3.79650e-02
2.86726e+04 3.80263e-02
2.86876e+04 3.80876e-02
2.87026e+04 3.81489e-02
2.87177e+04 3.82102e-02
2.87327e+04 3.82715e-02
2.87477e+04 3.83328e-02
2.87627e+04 3.83941e-02
2.87778e+04 3.84554e-02
2.87928e+04 3.85167e-02
2.88078e+04 3.85780e-02
2.88229e+04 3.86393e-02
2.88379e+04 3.87006e-02
2.88529e+04 3.87619e-02
2.88680e+04 3.88232e-02
2.88830e+04 3.88845e-02
2.88980e+04 3.89458e-02
2.89131e+04 3.90071e-02
2.89281e+04 3.90684e-02
2.89431e+04 3.91297e-02
2.89582e+04 3.91910e-02
2.89732e+04 3.92523e-02
2.89882e+04 3.93136e-02
2.90033e+04 3.93749e-02
2.90183e+04 3.94362e-02
2.90333e+04 3.94975e-02
2.90484e+04 3.95588e-02
2.90634e+04 3.96201e-02
2.90784e+04 3.96814e-02
2.90935e+04 3.97427e-02
2.91085e+04 3.98040e-02
2.91235e+04 3.98653e-02
2.91386e+04 3.99266e-02
2.91536e+04 3.99879e-02
2.91686e+04 4.00492e-02
2.91836e+04 4.01105e-02
2.91987e+04 4.01718e-02
2.92137e+04 4.02331e-02
2.92287e+04 4.02944e-02
2.92438e+04 4.03557e-02
2.92588e+04 4.04170e-02
2.92738e+04 4.04783e-02
2.92889e+04 4.05396e-02
2.93039e+04 4.06009e-02
2.93189e+04 4.06622e-02
2.93340e+04 4.07235e-02
2.93490e+04 4.07848e-02
2.93640e+04 4.08461e-02
2.93791e+04 4.09074e-02
2.93941e+04 4.09687e-02
2.94091e+04 4.10300e-02
2.94242e+04 4.10913e-02
2.94392e+04 4.11526e-02
2.94542e+04 4.12139e-02
2.94693e+04 4.12752e-02
2.94843e+04 4.13365e-02
2.94993e+04 4.13978e-02
2.95144e+04 4.14591e-02
2.95294e+04 4.15204e-02
2.95444e+04 4.15817e-02
2.95595e+04 4.16430e-02
2.95745e+04 4.17043e-02
2.95895e+04 4.17656e-02
2.96045e+04 4.18269e-02
2.96196e+04 4.18882e-02
2.96346e+04 4.19495e-02
2.96496e+04 4.20108e-02
2.96647e+04 4.20721e-02
2.96797e+04 4.21334e-02
2.96947e+04 4.21947e-02
2.97098e+04 4.22560e-02
2.97248e+04 4.23173e-02
2.97398e+04 4.23786e-02
2.97549e+04 4.24399e-02
2.97699e+04 4.25012e-02
2.97849e+04 4.25625e-02
2.98000e+04 4.26238e-02
2.98150e+04 4.26851e-02
2.98300e+04 4.27464e-02
2.98451e+04 4.28077e-02
2.98601e+04 4.28690e-02
2.98751e+04 4.29303e-02
2.98902e+04 4.29916e-02
2.99052e+04 4.30529e-02
2.99202e+04 4.31142e-02
2.99353e+04 4.31755e-02
2.99503e+04 4.32368e-02
2.99653e+04 4.32981e-02
2.99804e+04 4.33594e-02
2.99954e+04 4.34207e-02
3.00104e+04 4.34820e-02
3.00255e+04 4.35433e-02
3.00405e+04 4.36046e-02
3.00555e+04 4.36659e-02
3.00705e+04 4.37272e-02
3.00856e+04 4.37885e-02
