# 4004
-3.00907e+04 1.33107e+06
-3.00757e+04 1.33108e+06
-3.00607e+04 1.33110e+06
-3.00457e+04 1.33111e+06
-3.00307e+04 1.33113e+06
-3.00157e+04 1.33114e+06
-3.00007e+04 1.33116e+06
-2.99857e+04 1.33117e+06
-2.99707e+04 1.33119e+06
-2.99557e+04 1.33120e+06
-2.99407e+04 1.33122e+06
-2.99257e+04 1.33123e+06
-2.99107e+04 1.33125e+06
-2.98957e+04 1.33126e+06
-2.98807e+04 1.33128e+06
-2.98657e+04 1.33129e+06
-2.98507e+04 1.33130e+06
-2.98356e+04 1.33132e+06
-2.98206e+04 1.33133e+06
-2.98056e+04 1.33135e+06
-2.97906e+04 1.33136e+06
-2.97756e+04 1.33138e+06
-2.97606e+04 1.33139e+06
-2.97456e+04 1.33141e+06
-2.97306e+04 1.33142e+06
-2.97156e+04 1.33144e+06
-2.97006e+04 1.33145e+06
-2.96856e+04 1.33147e+06
-2.96706e+04 1.33148e+06
-2.96556e+04 1.33150e+06
-2.96406e+04 1.33151e+06
-2.96256e+04 1.33153e+06
-2.96106e+04 1.33154e+06
-2.95956e+04 1.33156e+06
-2.95806e+04 1.33157e+06
-2.95656e+04 1.33159e+06
-2.95506e+04 1.33160e+06
-2.95356e+04 1.33162e+06
-2.95206e+04 1.33163e+06
-2.95055e+04 1.33165e+06
-2.94905e+04 1.33166e+06
-2.94755e+04 1.33167e+06
-2.94605e+04 1.33169e+06
-2.94455e+04 1.33170e+06
-2.94305e+04 1.33172e+06
-2.94155e+04 1.33173e+06
-2.94005e+04 1.33175e+06
-2.93855e+04 1.33176e+06
-2.93705e+04 1.33178e+06
-2.93555e+04 1.33179e+06
-2.93405e+04 1.33181e+06
-2.93255e+04 1.33182e+06
-2.93105e+04 1.33184e+06
-2.92955e+04 1.33185e+06
-2.92805e+04 1.33187e+06
-2.92655e+04 1.33188e+06
-2.92505e+04 1.33190e+06
-2.92355e+04 1.33191e+06
-2.92205e+04 1.33193e+06
-2.92055e+04 1.33194e+06
-2.91904e+04 1.33196e+06
-2.91754e+04 1.33197e+06
-2.91604e+04 1.33199e+06
-2.91454e+04 1.33200e+06
-2.91304e+04 1.33202e+06
-2.91154e+04 1.33203e+06
-2.91004e+04 1.33204e+06
-2.90854e+04 1.33206e+06
-2.90704e+04 1.33207e+06
-2.90554e+04 1.33209e+06
-2.90404e+04 1.33210e+06
-2.90254e+04 1.33212e+06
-2.90104e+04 1.33213e+06
-2.89953e+04 1.33215e+06
-2.89803e+04 1.33216e+06
-2.89653e+04 1.33218e+06
-2.89503e+04 1.33219e+06
-2.89353e+04 1.33221e+06
-2.89203e+04 1.33222e+06
-2.89052e+04 1.33224e+06
-2.88902e+04 1.33225e+06
-2.88752e+04 1.33227e+06
-2.88602e+04 1.33228e+06
-2.88452e+04 1.33230e+06
-2.88301e+04 1.33231e+06
-2.88151e+04 1.33233e+06
-2.88001e+04 1.33234e+06
-2.87851e+04 1.33236e+06
-2.87701e+04 1.33237e+06
-2.87550e+04 1.33239e+06
-2.87400e+04 1.33240e+06
-2.87250e+04 1.33242e+06
-2.87100e+04 1.33243e+06
-2.86950e+04 1.33245e+06
-2.86799e+04 1.33246e+06
-2.86649e+04 1.33248e+06
-2.86499e+04 1.33249e+06
-2.86349e+04 1.33251e+06
-2.86199e+04 1.33252e+06
-2.86048e+04 1.33254e+06
-2.85898e+04 1.33255e+06
-2.85748e+04 1.33257e+06
-2.85598e+04 1.33258e+06
-2.85448e+04 1.33260e+06
-2.85298e+04 1.33261e+06
-2.85147e+04 1.33262e+06
-2.84997e+04 1.33264e+06
-2.84847e+04 1.33265e+06
-2.84697e+04 1.33267e+06
-2.84547e+04 1.33268e+06
-2.84396e+04 1.33270e+06
-2.84246e+04 1.33271e+06
-2.84096e+04 1.33273e+06
-2.83946e+04 1.33274e+06
-2.83796e+04 1.33276e+06
-2.83645e+04 1.33277e+06
-2.83495e+04 1.33279e+06
-2.83345e+04 1.33280e+06
-2.83195e+04 1.33282e+06
-2.83045e+04 1.33283e+06
-2.82894e+04 1.33285e+06
-2.82744e+04 1.33286e+06
-2.82594e+04 1.33288e+06
-2.82444e+04 1.33289e+06
-2.82294e+04 1.33291e+06
-2.82143e+04 1.33292e+06
-2.81993e+04 1.33294e+06
-2.81843e+04 1.33295e+06
-2.81693e+04 1.33297e+06
-2.81543e+04 1.33298e+06
-2.81393e+04 1.33300e+06
-2.81242e+04 1.33301e+06
-2.81092e+04 1.33303e+06
-2.80942e+04 1.33304e+06
-2.80792e+04 1.33306e+06
-2.80642e+04 1.33307e+06
-2.80491e+04 1.33309e+06
-2.80341e+04 1.33310e+06
-2.80191e+04 1.33312e+06
-2.80041e+04 1.33313e+06
-2.79891e+04 1.33315e+06
-2.79740e+04 1.33316e+06
-2.79590e+04 1.33318e+06
-2.79440e+04 1.33319e+06
-2.79290e+04 1.33321e+06
-2.79140e+04 1.33322e+06
-2.78989e+04 1.33324e+06
-2.78839e+04 1.33325e+06
-2.78689e+04 1.33326e+06
-2.78539e+04 1.33328e+06
-2.78389e+04 1.33329e+06
-2.78239e+04 1.33331e+06
-2.78088e+04 1.33332e+06
-2.77938e+04 1.33334e+06
-2.77788e+04 1.33335e+06
-2.77638e+04 1.33337e+06
-2.77488e+04 1.33338e+06
-2.77337e+04 1.33340e+06
-2.77187e+04 1.33341e+06
-2.77037e+04 1.33343e+06
-2.76887e+04 1.33344e+06
-2.76737e+04 1.33346e+06
-2.76586e+04 1.33347e+06
-2.76436e+04 1.33349e+06
-2.76286e+04 1.33350e+06
-2.76136e+04 1.33352e+06
-2.75986e+04 1.33353e+06
-2.75835e+04 1.33355e+06
-2.75685e+04 1.33356e+06
-2.75535e+04 1.33358e+06
-2.75385e+04 1.33359e+06
-2.75235e+04 1.33361e+06
-2.75084e+04 1.33362e+06
-2.74934e+04 1.33364e+06
-2.74784e+04 1.33365e+06
-2.74634e+04 1.33367e+06
-2.74484e+04 1.33368e+06
-2.74334e+04 1.33370e+06
-2.74183e+04 1.33371e+06
-2.74033e+04 1.33373e+06
-2.73883e+04 1.33374e+06
-2.73733e+04 1.33376e+06
-2.73583e+04 1.33377e+06
-2.73432e+04 1.33379e+06
-2.73282e+04 1.33380e+06
-2.73132e+04 1.33382e+06
-2.72982e+04 1.33383e+06
-2.72832e+04 1.33385e+06
-2.72681e+04 1.33386e+06
-2.72531e+04 1.33388e+06
-2.72381e+04 1.33389e+06
-2.72231e+04 1.33390e+06
-2.72081e+04 1.33392e+06
-2.71930e+04 1.33393e+06
-2.71780e+04 1.33395e+06
-2.71630e+04 1.33396e+06
-2.71480e+04 1.33398e+06
-2.71330e+04 1.33399e+06
-2.71180e+04 1.33401e+06
-2.71029e+04 1.33402e+06
-2.70879e+04 1.33404e+06
-2.70729e+04 1.33405e+06
-2.70579e+04 1.33407e+06
-2.70429e+04 1.33408e+06
-2.70278e+04 1.33410e+06
-2.70128e+04 1.33411e+06
-2.69978e+04 1.33413e+06
-2.69828e+04 1.33414e+06
-2.69678e+04 1.33416e+06
-2.69527e+04 1.33417e+06
-2.69377e+04 1.33419e+06
-2.69227e+04 1.33420e+06
-2.69077e+04 1.33422e+06
-2.68927e+04 1.33423e+06
-2.68776e+04 1.33425e+06
-2.68626e+04 1.33426e+06
-2.68476e+04 1.33428e+06
-2.68326e+04 1.33429e+06
-2.68176e+04 1.33431e+06
-2.68025e+04 1.33432e+06
-2.67875e+04 1.33434e+06
-2.67725e+04 1.33435e+06
-2.67575e+04 1.33437e+06
-2.67425e+04 1.33438e+06
-2.67275e+04 1.33440e+06
-2.67124e+04 1.33441e+06
-2.66974e+04 1.33443e+06
-2.66824e+04 1.33444e+06
-2.66674e+04 1.33446e+06
-2.66524e+04 1.33447e+06
-2.66373e+04 1.33449e+06
-2.66223e+04 1.33450e+06
-2.66073e+04 1.33452e+06
-2.65923e+04 1.33453e+06
-2.65773e+04 1.33454e+06
-2.65622e+04 1.33456e+06
-2.65472e+04 1.33457e+06
-2.65322e+04 1.33459e+06
-2.65172e+04 1.33460e+06
-2.65022e+04 1.33462e+06
-2.64871e+04 1.33463e+06
-2.64721e+04 1.33465e+06
-2.64571e+04 1.33466e+06
-2.64421e+04 1.33468e+06
-2.64271e+04 1.33469e+06
-2.64120e+04 1.33471e+06
-2.63970e+04 1.33472e+06
-2.63820e+04 1.33474e+06
-2.63670e+04 1.33475e+06
-2.63520e+04 1.33477e+06
-2.63370e+04 1.33478e+06
-2.63219e+04 1.33480e+06
-2.63069e+04 1.33481e+06
-2.62919e+04 1.33483e+06
-2.62769e+04 1.33484e+06
-2.62619e+04 1.33486e+06
-2.62468e+04 1.33487e+06
-2.62318e+04 1.33489e+06
-2.62168e+04 1.33490e+06
-2.62018e+04 1.33492e+06
-2.61868e+04 1.33493e+06
-2.61717e+04 1.33495e+06
-2.61567e+04 1.33496e+06
-2.61417e+04 1.33498e+06
-2.61267e+04 1.33499e+06
-2.61117e+04 1.33501e+06
-2.60966e+04 1.33502e+06
-2.60816e+04 1.33504e+06
-2.60666e+04 1.33505e+06
-2.60516e+04 1.33507e+06
-2.60366e+04 1.33508e+06
-2.60216e+04 1.33510e+06
-2.60065e+04 1.33511e+06
-2.59915e+04 1.33513e+06
-2.59765e+04 1.33514e+06
-2.59615e+04 1.33516e+06
-2.59465e+04 1.33517e+06
-2.59314e+04 1.33518e+06
-2.59164e+04 1.33520e+06
-2.59014e+04 1.33521e+06
-2.58864e+04 1.33523e+06
-2.58714e+04 1.33524e+06
-2.58563e+04 1.33526e+06
-2.58413e+04 1.33527e+06
-2.58263e+04 1.33529e+06
-2.58113e+04 1.33530e+06
-2.57963e+04 1.33532e+06
-2.57812e+04 1.33533e+06
-2.57662e+04 1.33535e+06
-2.57512e+04 1.33536e+06
-2.57362e+04 1.33538e+06
-2.57212e+04 1.33539e+06
-2.57061e+04 1.33541e+06
-2.56911e+04 1.33542e+06
-2.56761e+04 1.33544e+06
-2.56611e+04 1.33545e+06
-2.56461e+04 1.33547e+06
-2.56311e+04 1.33548e+06
-2.56160e+04 1.33550e+06
-2.56010e+04 1.33551e+06
-2.55860e+04 1.33553e+06
-2.55710e+04 1.33554e+06
-2.55560e+04 1.33556e+06
-2.55409e+04 1.33557e+06
-2.55259e+04 1.33559e+06
-2.55109e+04 1.33560e+06
-2.54959e+04 1.33562e+06
-2.54809e+04 1.33563e+06
-2.54658e+04 1.33565e+06
-2.54508e+04 1.33566e+06
-2.54358e+04 1.33568e+06
-2.54208e+04 1.33569e+06
-2.54058e+04 1.33571e+06
-2.53907e+04 1.33572e+06
-2.53757e+04 1.33574e+06
-2.53607e+04 1.33575e+06
-2.53457e+04 1.33577e+06
-2.53307e+04 1.33578e+06
-2.53157e+04 1.33580e+06
-2.53006e+04 1.33581e+06
-2.52856e+04 1.33582e+06
-2.52706e+04 1.33584e+06
-2.52556e+04 1.33585e+06
-2.52406e+04 1.33587e+06
-2.52255e+04 1.33588e+06
-2.52105e+04 1.33590e+06
-2.51955e+04 1.33591e+06
-2.51805e+04 1.33593e+06
-2.51655e+04 1.33594e+06
-2.51504e+04 1.33596e+06
-2.51354e+04 1.33597e+06
-2.51204e+04 1.33599e+06
-2.51054e+04 1.33600e+06
-2.50904e+04 1.33602e+06
-2.50754e+04 1.33603e+06
-2.50603e+04 1.33605e+06
-2.50453e+04 1.33606e+06
-2.50303e+04 1.33608e+06
-2.50153e+04 1.33609e+06
-2.50003e+04 1.33611e+06
-2.49852e+04 1.33612e+06
-2.49702e+04 1.33614e+06
-2.49552e+04 1.33615e+06
-2.49402e+04 1.33617e+06
-2.49252e+04 1.33618e+06
-2.49101e+04 1.33620e+06
-2.48951e+04 1.33621e+06
-2.48801e+04 1.33623e+06
-2.48651e+04 1.33624e+06
-2.48501e+04 1.33626e+06
-2.48350e+04 1.33627e+06
-2.48200e+04 1.33629e+06
-2.48050e+04 1.33630e+06
-2.47900e+04 1.33632e+06
-2.47750e+04 1.33633e+06
-2.47600e+04 1.33635e+06
-2.47449e+04 1.33636e+06
-2.47299e+04 1.33638e+06
-2.47149e+04 1.33639e+06
-2.46999e+04 1.33641e+06
-2.46849e+04 1.33642e+06
-2.46698e+04 1.33643e+06
-2.46548e+04 1.33645e+06
-2.46398e+04 1.33646e+06
-2.46248e+04 1.33648e+06
-2.46098e+04 1.33649e+06
-2.45947e+04 1.33651e+06
-2.45797e+04 1.33652e+06
-2.45647e+04 1.33654e+06
-2.45497e+04 1.33655e+06
-2.45347e+04 1.33657e+06
-2.45197e+04 1.33658e+06
-2.45046e+04 1.33660e+06
-2.44896e+04 1.33661e+06
-2.44746e+04 1.33663e+06
-2.44596e+04 1.33664e+06
-2.44446e+04 1.33666e+06
-2.44295e+04 1.33667e+06
-2.44145e+04 1.33669e+06
-2.43995e+04 1.33670e+06
-2.43845e+04 1.33672e+06
-2.43695e+04 1.33673e+06
-2.43544e+04 1.33675e+06
-2.43394e+04 1.33676e+06
-2.43244e+04 1.33678e+06
-2.43094e+04 1.33679e+06
-2.42944e+04 1.33681e+06
-2.42794e+04 1.33682e+06
-2.42643e+04 1.33684e+06
-2.42493e+04 1.33685e+06
-2.42343e+04 1.33687e+06
-2.42193e+04 1.33688e+06
-2.42043e+04 1.33690e+06
-2.41892e+04 1.33691e+06
-2.41742e+04 1.33693e+06
-2.41592e+04 1.33694e+06
-2.41442e+04 1.33696e+06
-2.41292e+04 1.33697e+06
-2.41141e+04 1.33699e+06
-2.40991e+04 1.33700e+06
-2.40841e+04 1.33701e+06
-2.40691e+04 1.33703e+06
-2.40541e+04 1.33704e+06
-2.40391e+04 1.33706e+06
-2.40240e+04 1.33707e+06
-2.40090e+04 1.33709e+06
-2.39940e+04 1.33710e+06
-2.39790e+04 1.33712e+06
-2.39640e+04 1.33713e+06
-2.39489e+04 1.33715e+06
-2.39339e+04 1.33716e+06
-2.39189e+04 1.33718e+06
-2.39039e+04 1.33719e+06
-2.38889e+04 1.33721e+06
-2.38738e+04 1.33722e+06
-2.38588e+04 1.33724e+06
-2.38438e+04 1.33725e+06
-2.38288e+04 1.33727e+06
-2.38138e+04 1.33728e+06
-2.37988e+04 1.33730e+06
-2.37837e+04 1.33731e+06
-2.37687e+04 1.33733e+06
-2.37537e+04 1.33734e+06
-2.37387e+04 1.33736e+06
-2.37237e+04 1.33737e+06
-2.37086e+04 1.33739e+06
-2.36936e+04 1.33740e+06
-2.36786e+04 1.33742e+06
-2.36636e+04 1.33743e+06
-2.36486e+04 1.33745e+06
-2.36335e+04 1.33746e+06
-2.36185e+04 1.33748e+06
-2.36035e+04 1.33749e+06
-2.35885e+04 1.33751e+06
-2.35735e+04 1.33752e+06
-2.35585e+04 1.33754e+06
-2.35434e+04 1.33755e+06
-2.35284e+04 1.33757e+06
-2.35134e+04 1.33758e+06
-2.34984e+04 1.33760e+06
-2.34834e+04 1.33761e+06
-2.34683e+04 1.33762e+06
-2.34533e+04 1.33764e+06
-2.34383e+04 1.33765e+06
-2.34233e+04 1.33767e+06
-2.34083e+04 1.33768e+06
-2.33932e+04 1.33770e+06
-2.33782e+04 1.33771e+06
-2.33632e+04 1.33773e+06
-2.33482e+04 1.33774e+06
-2.33332e+04 1.33776e+06
-2.33182e+04 1.33777e+06
-2.33031e+04 1.33779e+06
-2.32881e+04 1.33780e+06
-2.32731e+04 1.33782e+06
-2.32581e+04 1.33783e+06
-2.32431e+04 1.33785e+06
-2.32280e+04 1.33786e+06
-2.32130e+04 1.33788e+06
-2.31980e+04 1.33789e+06
-2.31830e+04 1.33791e+06
-2.31680e+04 1.33792e+06
-2.31529e+04 1.33794e+06
-2.31379e+04 1.33795e+06
-2.31229e+04 1.33797e+06
-2.31079e+04 1.33798e+06
-2.30929e+04 1.33800e+06
-2.30779e+04 1.33801e+06
-2.30628e+04 1.33803e+06
-2.30478e+04 1.33804e+06
-2.30328e+04 1.33806e+06
-2.30178e+04 1.33807e+06
-2.30028e+04 1.33809e+06
-2.29877e+04 1.33810e+06
-2.29727e+04 1.33812e+06
-2.29577e+04 1.33813e+06
-2.29427e+04 1.33815e+06
-2.29277e+04 1.33816e+06
-2.29126e+04 1.33818e+06
-2.28976e+04 1.33819e+06
-2.28826e+04 1.33820e+06
-2.28676e+04 1.33822e+06
-2.28526e+04 1.33823e+06
-2.28375e+04 1.33825e+06
-2.28225e+04 1.33826e+06
-2.28075e+04 1.33828e+06
-2.27925e+04 1.33829e+06
-2.27775e+04 1.33831e+06
-2.27625e+04 1.33832e+06
-2.27474e+04 1.33834e+06
-2.27324e+04 1.33835e+06
-2.27174e+04 1.33837e+06
-2.27024e+04 1.33838e+06
-2.26874e+04 1.33840e+06
-2.26723e+04 1.33841e+06
-2.26573e+04 1.33843e+06
-2.26423e+04 1.33844e+06
-2.26273e+04 1.33846e+06
-2.26123e+04 1.33847e+06
-2.25972e+04 1.33849e+06
-2.25822e+04 1.33850e+06
-2.25672e+04 1.33852e+06
-2.25522e+04 1.33853e+06
-2.25372e+04 1.33855e+06
-2.25222e+04 1.33856e+06
-2.25071e+04 1.33858e+06
-2.24921e+04 1.33859e+06
-2.24771e+04 1.33861e+06
-2.24621e+04 1.33862e+06
-2.24471e+04 1.33864e+06
-2.24320e+04 1.33865e+06
-2.24170e+04 1.33867e+06
-2.24020e+04 1.33868e+06
-2.23870e+04 1.33870e+06
-2.23720e+04 1.33871e+06
-2.23569e+04 1.33873e+06
-2.23419e+04 1.33874e+06
-2.23269e+04 1.33876e+06
-2.23119e+04 1.33877e+06
-2.22969e+04 1.33879e+06
-2.22819e+04 1.33880e+06
-2.22668e+04 1.33881e+06
-2.22518e+04 1.33883e+06
-2.22368e+04 1.33884e+06
-2.22218e+04 1.33886e+06
-2.22068e+04 1.33887e+06
-2.21917e+04 1.33889e+06
-2.21767e+04 1.33890e+06
-2.21617e+04 1.33892e+06
-2.21467e+04 1.33893e+06
-2.21317e+04 1.33895e+06
-2.21166e+04 1.33896e+06
-2.21016e+04 1.33898e+06
-2.20866e+04 1.33899e+06
-2.20716e+04 1.33901e+06
-2.20566e+04 1.33902e+06
-2.20416e+04 1.33904e+06
-2.20265e+04 1.33905e+06
-2.20115e+04 1.33907e+06
-2.19965e+04 1.33908e+06
-2.19815e+04 1.33910e+06
-2.19665e+04 1.33911e+06
-2.19514e+04 1.33913e+06
-2.19364e+04 1.33914e+06
-2.19214e+04 1.33916e+06
-2.19064e+04 1.33917e+06
-2.18914e+04 1.33919e+06
-2.18763e+04 1.33920e+06
-2.18613e+04 1.33922e+06
-2.18463e+04 1.33923e+06
-2.18313e+04 1.33925e+06
-2.18163e+04 1.33926e+06
-2.18013e+04 1.33928e+06
-2.17862e+04 1.33929e+06
-2.17712e+04 1.33931e+06
-2.17562e+04 1.33932e+06
-2.17412e+04 1.33934e+06
-2.17262e+04 1.33935e+06
-2.17111e+04 1.33937e+06
-2.16961e+04 1.33938e+06
-2.16811e+04 1.33940e+06
-2.16661e+04 1.33941e+06
-2.16511e+04 1.33942e+06
-2.16360e+04 1.33944e+06
-2.16210e+04 1.33945e+06
-2.16060e+04 1.33947e+06
-2.15910e+04 1.33948e+06
-2.15760e+04 1.33950e+06
-2.15610e+04 1.33951e+06
-2.15459e+04 1.33953e+06
-2.15309e+04 1.33954e+06
-2.15159e+04 1.33956e+06
-2.15009e+04 1.33957e+06
-2.14859e+04 1.33959e+06
-2.14708e+04 1.33960e+06
-2.14558e+04 1.33962e+06
-2.14408e+04 1.33963e+06
-2.14258e+04 1.33965e+06
-2.14108e+04 1.33966e+06
-2.13957e+04 1.33968e+06
-2.13807e+04 1.33969e+06
-2.13657e+04 1.33971e+06
-2.13507e+04 1.33972e+06
-2.13357e+04 1.33974e+06
-2.13207e+04 1.33975e+06
-2.13056e+04 1.33977e+06
-2.12906e+04 1.33978e+06
-2.12756e+04 1.33980e+06
-2.12606e+04 1.33981e+06
-2.12456e+04 1.33983e+06
-2.12305e+04 1.33984e+06
-2.12155e+04 1.33986e+06
-2.12005e+04 1.33987e+06
-2.11855e+04 1.33989e+06
-2.11705e+04 1.33990e+06
-2.11554e+04 1.33992e+06
-2.11404e+04 1.33993e+06
-2.11254e+04 1.33995e+06
-2.11104e+04 1.33996e+06
-2.10954e+04 1.33998e+06
-2.10804e+04 1.33999e+06
-2.10653e+04 1.34000e+06
-2.10503e+04 1.34002e+06
-2.10353e+04 1.34003e+06
-2.10203e+04 1.34005e+06
-2.10053e+04 1.34006e+06
-2.09902e+04 1.34008e+06
-2.09752e+04 1.34009e+06
-2.09602e+04 1.34011e+06
-2.09452e+04 1.34012e+06
-2.09302e+04 1.34014e+06
-2.09151e+04 1.34015e+06
-2.09001e+04 1.34017e+06
-2.08851e+04 1.34018e+06
-2.08701e+04 1.34020e+06
-2.08551e+04 1.34021e+06
-2.08401e+04 1.34023e+06
-2.08250e+04 1.34024e+06
-2.08100e+04 1.34026e+06
-2.07950e+04 1.34027e+06
-2.07800e+04 1.34029e+06
-2.07650e+04 1.34030e+06
-2.07499e+04 1.34032e+06
-2.07349e+04 1.34033e+06
-2.07199e+04 1.34035e+06
-2.07049e+04 1.34036e+06
-2.06899e+04 1.34038e+06
-2.06748e+04 1.34039e+06
-2.06598e+04 1.34041e+06
-2.06448e+04 1.34042e+06
-2.06298e+04 1.34044e+06
-2.06148e+04 1.34045e+06
-2.05997e+04 1.34047e+06
-2.05847e+04 1.34048e+06
-2.05697e+04 1.34050e+06
-2.05547e+04 1.34051e+06
-2.05397e+04 1.34053e+06
-2.05247e+04 1.34054e+06
-2.05096e+04 1.34056e+06
-2.04946e+04 1.34057e+06
-2.04796e+04 1.34059e+06
-2.04646e+04 1.34060e+06
-2.04496e+04 1.34061e+06
-2.04345e+04 1.34063e+06
-2.04195e+04 1.34064e+06
-2.04045e+04 1.34066e+06
-2.03895e+04 1.34067e+06
-2.03745e+04 1.34069e+06
-2.03594e+04 1.34070e+06
-2.03444e+04 1.34072e+06
-2.03294e+04 1.34073e+06
-2.03144e+04 1.34075e+06
-2.02994e+04 1.34076e+06
-2.02844e+04 1.34078e+06
-2.02693e+04 1.34079e+06
-2.02543e+04 1.34081e+06
-2.02393e+04 1.34082e+06
-2.02243e+04 1.34084e+06
-2.02093e+04 1.34085e+06
-2.01942e+04 1.34087e+06
-2.01792e+04 1.34088e+06
-2.01642e+04 1.34090e+06
-2.01492e+04 1.34091e+06
-2.01342e+04 1.34093e+06
-2.01191e+04 1.34094e+06
-2.01041e+04 1.34096e+06
-2.00891e+04 1.34097e+06
-2.00741e+04 1.34099e+06
-2.00591e+04 1.34100e+06
-2.00441e+04 1.34102e+06
-2.00290e+04 1.34103e+06
-2.00140e+04 1.34105e+06
-1.99990e+04 1.34106e+06
-1.99840e+04 1.34108e+06
-1.99690e+04 1.34109e+06
-1.99539e+04 1.34111e+06
-1.99389e+04 1.34112e+06
-1.99239e+04 1.34114e+06
-1.99089e+04 1.34115e+06
-1.98939e+04 1.34117e+06
-1.98788e+04 1.34118e+06
-1.98638e+04 1.34119e+06
-1.98488e+04 1.34121e+06
-1.98338e+04 1.34122e+06
-1.98188e+04 1.34124e+06
-1.98038e+04 1.34125e+06
-1.97887e+04 1.34127e+06
-1.97737e+04 1.34128e+06
-1.97587e+04 1.34130e+06
-1.97437e+04 1.34131e+06
-1.97287e+04 1.34133e+06
-1.97136e+04 1.34134e+06
-1.96986e+04 1.34136e+06
-1.96836e+04 1.34137e+06
-1.96686e+04 1.34139e+06
-1.96536e+04 1.34140e+06
-1.96385e+04 1.34142e+06
-1.96235e+04 1.34143e+06
-1.96085e+04 1.34145e+06
-1.95935e+04 1.34146e+06
-1.95785e+04 1.34148e+06
-1.95635e+04 1.34149e+06
-1.95484e+04 1.34151e+06
-1.95334e+04 1.34152e+06
-1.95184e+04 1.34154e+06
-1.95034e+04 1.34155e+06
-1.94884e+04 1.34157e+06
-1.94733e+04 1.34158e+06
-1.94583e+04 1.34160e+06
-1.94433e+04 1.34161e+06
-1.94283e+04 1.34163e+06
-1.94133e+04 1.34164e+06
-1.93982e+04 1.34166e+06
-1.93832e+04 1.34167e+06
-1.93682e+04 1.34168e+06
-1.93532e+04 1.34170e+06
-1.93381e+04 1.34171e+06
-1.93231e+04 1.34173e+06
-1.93081e+04 1.34174e+06
-1.92931e+04 1.34176e+06
-1.92780e+04 1.34177e+06
-1.92630e+04 1.34179e+06
-1.92480e+04 1.34180e+06
-1.92330e+04 1.34182e+06
-1.92179e+04 1.34183e+06
-1.92029e+04 1.34184e+06
-1.91879e+04 1.34186e+06
-1.91729e+04 1.34187e+06
-1.91578e+04 1.34189e+06
-1.91428e+04 1.34190e+06
-1.91278e+04 1.34192e+06
-1.91128e+04 1.34193e+06
-1.90978e+04 1.34195e+06
-1.90827e+04 1.34196e+06
-1.90677e+04 1.34198e+06
-1.90527e+04 1.34199e+06
-1.90377e+04 1.34201e+06
-1.90226e+04 1.34202e+06
-1.90076e+04 1.34203e+06
-1.89926e+04 1.34205e+06
-1.89776e+04 1.34206e+06
-1.89625e+04 1.34208e+06
-1.89475e+04 1.34209e+06
-1.89325e+04 1.34211e+06
-1.89175e+04 1.34212e+06
-1.89024e+04 1.34214e+06
-1.88874e+04 1.34215e+06
-1.88724e+04 1.34217e+06
-1.88574e+04 1.34218e+06
-1.88423e+04 1.34219e+06
-1.88273e+04 1.34221e+06
-1.88123e+04 1.34222e+06
-1.87973e+04 1.34224e+06
-1.87822e+04 1.34225e+06
-1.87672e+04 1.34227e+06
-1.87522e+04 1.34228e+06
-1.87372e+04 1.34230e+06
-1.87222e+04 1.34231e+06
-1.87071e+04 1.34233e+06
-1.86921e+04 1.34234e+06
-1.86771e+04 1.34236e+06
-1.86621e+04 1.34237e+06
-1.86470e+04 1.34238e+06
-1.86320e+04 1.34240e+06
-1.86170e+04 1.34241e+06
-1.86020e+04 1.34243e+06
-1.85869e+04 1.34244e+06
-1.85719e+04 1.34246e+06
-1.85569e+04 1.34247e+06
-1.85419e+04 1.34249e+06
-1.85268e+04 1.34250e+06
-1.85118e+04 1.34252e+06
-1.84968e+04 1.34253e+06
-1.84818e+04 1.34254e+06
-1.84667e+04 1.34256e+06
-1.84517e+04 1.34257e+06
-1.84367e+04 1.34259e+06
-1.84217e+04 1.34260e+06
-1.84066e+04 1.34262e+06
-1.83916e+04 1.34263e+06
-1.83766e+04 1.34265e+06
-1.83616e+04 1.34266e+06
-1.83466e+04 1.34268e+06
-1.83315e+04 1.34269e+06
-1.83165e+04 1.34271e+06
-1.83015e+04 1.34272e+06
-1.82865e+04 1.34273e+06
-1.82714e+04 1.34275e+06
-1.82564e+04 1.34276e+06
-1.82414e+04 1.34278e+06
-1.82264e+04 1.34279e+06
-1.82113e+04 1.34281e+06
-1.81963e+04 1.34282e+06
-1.81813e+04 1.34284e+06
-1.81663e+04 1.34285e+06
-1.81512e+04 1.34287e+06
-1.81362e+04 1.34288e+06
-1.81212e+04 1.34289e+06
-1.81062e+04 1.34291e+06
-1.80911e+04 1.34292e+06
-1.80761e+04 1.34294e+06
-1.80611e+04 1.34295e+06
-1.80461e+04 1.34297e+06
-1.80310e+04 1.34298e+06
-1.80160e+04 1.34300e+06
-1.80010e+04 1.34301e+06
-1.79860e+04 1.34303e+06
-1.79710e+04 1.34304e+06
-1.79559e+04 1.34306e+06
-1.79409e+04 1.34307e+06
-1.79259e+04 1.34308e+06
-1.79109e+04 1.34310e+06
-1.78958e+04 1.34311e+06
-1.78808e+04 1.34313e+06
-1.78658e+04 1.34314e+06
-1.78508e+04 1.34316e+06
-1.78357e+04 1.34317e+06
-1.78207e+04 1.34319e+06
-1.78057e+04 1.34320e+06
-1.77907e+04 1.34322e+06
-1.77756e+04 1.34323e+06
-1.77606e+04 1.34324e+06
-1.77456e+04 1.34326e+06
-1.77306e+04 1.34327e+06
-1.77155e+04 1.34329e+06
-1.77005e+04 1.34330e+06
-1.76855e+04 1.34332e+06
-1.76705e+04 1.34333e+06
-1.76554e+04 1.34335e+06
-1.76404e+04 1.34336e+06
-1.76254e+04 1.34338e+06
-1.76104e+04 1.34339e+06
-1.75954e+04 1.34341e+06
-1.75803e+04 1.34342e+06
-1.75653e+04 1.34343e+06
-1.75503e+04 1.34345e+06
-1.75353e+04 1.34346e+06
-1.75202e+04 1.34348e+06
-1.75052e+04 1.34349e+06
-1.74902e+04 1.34351e+06
-1.74752e+04 1.34352e+06
-1.74601e+04 1.34354e+06
-1.74451e+04 1.34355e+06
-1.74301e+04 1.34357e+06
-1.74151e+04 1.34358e+06
-1.74000e+04 1.34359e+06
-1.73850e+04 1.34361e+06
-1.73700e+04 1.34362e+06
-1.73550e+04 1.34364e+06
-1.73399e+04 1.34365e+06
-1.73249e+04 1.34367e+06
-1.73099e+04 1.34368e+06
-1.72949e+04 1.34370e+06
-1.72798e+04 1.34371e+06
-1.72648e+04 1.34373e+06
-1.72498e+04 1.34374e+06
-1.72348e+04 1.34376e+06
-1.72198e+04 1.34377e+06
-1.72047e+04 1.34378e+06
-1.71897e+04 1.34380e+06
-1.71747e+04 1.34381e+06
-1.71597e+04 1.34383e+06
-1.71446e+04 1.34384e+06
-1.71296e+04 1.34386e+06
-1.71146e+04 1.34387e+06
-1.70996e+04 1.34389e+06
-1.70845e+04 1.34390e+06
-1.70695e+04 1.34392e+06
-1.70545e+04 1.34393e+06
-1.70395e+04 1.34394e+06
-1.70244e+04 1.34396e+06
-1.70094e+04 1.34397e+06
-1.69944e+04 1.34399e+06
-1.69794e+04 1.34400e+06
-1.69643e+04 1.34402e+06
-1.69493e+04 1.34403e+06
-1.69343e+04 1.34405e+06
-1.69193e+04 1.34406e+06
-1.69042e+04 1.34408e+06
-1.68892e+04 1.34409e+06
-1.68742e+04 1.34411e+06
-1.68592e+04 1.34412e+06
-1.68442e+04 1.34413e+06
-1.68291e+04 1.34415e+06
-1.68141e+04 1.34416e+06
-1.67991e+04 1.34418e+06
-1.67841e+04 1.34419e+06
-1.67690e+04 1.34421e+06
-1.67540e+04 1.34422e+06
-1.67390e+04 1.34424e+06
-1.67240e+04 1.34425e+06
-1.67089e+04 1.34427e+06
-1.66939e+04 1.34428e+06
-1.66789e+04 1.34430e+06
-1.66639e+04 1.34431e+06
-1.66488e+04 1.34432e+06
-1.66338e+04 1.34434e+06
-1.66188e+04 1.34435e+06
-1.66038e+04 1.34437e+06
-1.65887e+04 1.34438e+06
-1.65737e+04 1.34440e+06
-1.65587e+04 1.34441e+06
-1.65437e+04 1.34443e+06
-1.65286e+04 1.34444e+06
-1.65136e+04 1.34446e+06
-1.64986e+04 1.34447e+06
-1.64836e+04 1.34448e+06
-1.64686e+04 1.34450e+06
-1.64535e+04 1.34451e+06
-1.64385e+04 1.34453e+06
-1.64235e+04 1.34454e+06
-1.64085e+04 1.34456e+06
-1.63934e+04 1.34457e+06
-1.63784e+04 1.34459e+06
-1.63634e+04 1.34460e+06
-1.63484e+04 1.34462e+06
-1.63333e+04 1.34463e+06
-1.63183e+04 1.34465e+06
-1.63033e+04 1.34466e+06
-1.62883e+04 1.34467e+06
-1.62732e+04 1.34469e+06
-1.62582e+04 1.34470e+06
-1.62432e+04 1.34472e+06
-1.62282e+04 1.34473e+06
-1.62131e+04 1.34475e+06
-1.61981e+04 1.34476e+06
-1.61831e+04 1.34478e+06
-1.61681e+04 1.34479e+06
-1.61530e+04 1.34481e+06
-1.61380e+04 1.34482e+06
-1.61230e+04 1.34483e+06
-1.61080e+04 1.34485e+06
-1.60930e+04 1.34486e+06
-1.60779e+04 1.34488e+06
-1.60629e+04 1.34489e+06
-1.60479e+04 1.34491e+06
-1.60329e+04 1.34492e+06
-1.60178e+04 1.34494e+06
-1.60028e+04 1.34495e+06
-1.59878e+04 1.34497e+06
-1.59728e+04 1.34498e+06
-1.59577e+04 1.34500e+06
-1.59427e+04 1.34501e+06
-1.59277e+04 1.34502e+06
-1.59127e+04 1.34504e+06
-1.58976e+04 1.34505e+06
-1.58826e+04 1.34507e+06
-1.58676e+04 1.34508e+06
-1.58526e+04 1.34510e+06
-1.58375e+04 1.34511e+06
-1.58225e+04 1.34513e+06
-1.58075e+04 1.34514e+06
-1.57925e+04 1.34516e+06
-1.57775e+04 1.34517e+06
-1.57624e+04 1.34518e+06
-1.57474e+04 1.34520e+06
-1.57324e+04 1.34521e+06
-1.57174e+04 1.34523e+06
-1.57023e+04 1.34524e+06
-1.56873e+04 1.34526e+06
-1.56723e+04 1.34527e+06
-1.56573e+04 1.34529e+06
-1.56422e+04 1.34530e+06
-1.56272e+04 1.34532e+06
-1.56122e+04 1.34533e+06
-1.55972e+04 1.34535e+06
-1.55821e+04 1.34536e+06
-1.55671e+04 1.34537e+06
-1.55521e+04 1.34539e+06
-1.55371e+04 1.34540e+06
-1.55220e+04 1.34542e+06
-1.55070e+04 1.34543e+06
-1.54920e+04 1.34545e+06
-1.54770e+04 1.34546e+06
-1.54619e+04 1.34548e+06
-1.54469e+04 1.34549e+06
-1.54319e+04 1.34551e+06
-1.54169e+04 1.34552e+06
-1.54019e+04 1.34553e+06
-1.53868e+04 1.34555e+06
-1.53718e+04 1.34556e+06
-1.53568e+04 1.34558e+06
-1.53418e+04 1.34559e+06
-1.53267e+04 1.34561e+06
-1.53117e+04 1.34562e+06
-1.52967e+04 1.34564e+06
-1.52817e+04 1.34565e+06
-1.52666e+04 1.34567e+06
-1.52516e+04 1.34568e+06
-1.52366e+04 1.34570e+06
-1.52216e+04 1.34571e+06
-1.52065e+04 1.34572e+06
-1.51915e+04 1.34574e+06
-1.51765e+04 1.34575e+06
-1.51615e+04 1.34577e+06
-1.51464e+04 1.34578e+06
-1.51314e+04 1.34580e+06
-1.51164e+04 1.34581e+06
-1.51014e+04 1.34583e+06
-1.50863e+04 1.34584e+06
-1.50713e+04 1.34586e+06
-1.50563e+04 1.34587e+06
-1.50413e+04 1.34588e+06
-1.50263e+04 1.34590e+06
-1.50112e+04 1.34591e+06
-1.49962e+04 1.34593e+06
-1.49812e+04 1.34594e+06
-1.49662e+04 1.34596e+06
-1.49511e+04 1.34597e+06
-1.49361e+04 1.34599e+06
-1.49211e+04 1.34600e+06
-1.49061e+04 1.34602e+06
-1.48910e+04 1.34603e+06
-1.48760e+04 1.34605e+06
-1.48610e+04 1.34606e+06
-1.48460e+04 1.34607e+06
-1.48309e+04 1.34609e+06
-1.48159e+04 1.34610e+06
-1.48009e+04 1.34612e+06
-1.47859e+04 1.34613e+06
-1.47708e+04 1.34615e+06
-1.47558e+04 1.34616e+06
-1.47408e+04 1.34618e+06
-1.47258e+04 1.34619e+06
-1.47107e+04 1.34621e+06
-1.46957e+04 1.34622e+06
-1.46807e+04 1.34623e+06
-1.46657e+04 1.34625e+06
-1.46507e+04 1.34626e+06
-1.46356e+04 1.34628e+06
-1.46206e+04 1.34629e+06
-1.46056e+04 1.34631e+06
-1.45906e+04 1.34632e+06
-1.45755e+04 1.34634e+06
-1.45605e+04 1.34635e+06
-1.45455e+04 1.34637e+06
-1.45305e+04 1.34638e+06
-1.45154e+04 1.34640e+06
-1.45004e+04 1.34641e+06
-1.44854e+04 1.34642e+06
-1.44704e+04 1.34644e+06
-1.44553e+04 1.34645e+06
-1.44403e+04 1.34647e+06
-1.44253e+04 1.34648e+06
-1.44103e+04 1.34650e+06
-1.43952e+04 1.34651e+06
-1.43802e+04 1.34653e+06
-1.43652e+04 1.34654e+06
-1.43502e+04 1.34656e+06
-1.43351e+04 1.34657e+06
-1.43201e+04 1.34658e+06
-1.43051e+04 1.34660e+06
-1.42901e+04 1.34661e+06
-1.42751e+04 1.34663e+06
-1.42600e+04 1.34664e+06
-1.42450e+04 1.34666e+06
-1.42300e+04 1.34667e+06
-1.42150e+04 1.34669e+06
-1.41999e+04 1.34670e+06
-1.41849e+04 1.34672e+06
-1.41699e+04 1.34673e+06
-1.41549e+04 1.34675e+06
-1.41398e+04 1.34676e+06
-1.41248e+04 1.34677e+06
-1.41098e+04 1.34679e+06
-1.40948e+04 1.34680e+06
-1.40797e+04 1.34682e+06
-1.40647e+04 1.34683e+06
-1.40497e+04 1.34685e+06
-1.40347e+04 1.34686e+06
-1.40196e+04 1.34688e+06
-1.40046e+04 1.34689e+06
-1.39896e+04 1.34691e+06
-1.39746e+04 1.34692e+06
-1.39595e+04 1.34693e+06
-1.39445e+04 1.34695e+06
-1.39295e+04 1.34696e+06
-1.39145e+04 1.34698e+06
-1.38995e+04 1.34699e+06
-1.38844e+04 1.34701e+06
-1.38694e+04 1.34702e+06
-1.38544e+04 1.34704e+06
-1.38394e+04 1.34705e+06
-1.38243e+04 1.34707e+06
-1.38093e+04 1.34708e+06
-1.37943e+04 1.34710e+06
-1.37793e+04 1.34711e+06
-1.37642e+04 1.34712e+06
-1.37492e+04 1.34714e+06
-1.37342e+04 1.34715e+06
-1.37192e+04 1.34717e+06
-1.37041e+04 1.34718e+06
-1.36891e+04 1.34720e+06
-1.36741e+04 1.34721e+06
-1.36591e+04 1.34723e+06
-1.36440e+04 1.34724e+06
-1.36290e+04 1.34726e+06
-1.36140e+04 1.34727e+06
-1.35990e+04 1.34728e+06
-1.35839e+04 1.34730e+06
-1.35689e+04 1.34731e+06
-1.35539e+04 1.34733e+06
-1.35389e+04 1.34734e+06
-1.35239e+04 1.34736e+06
-1.35088e+04 1.34737e+06
-1.34938e+04 1.34739e+06
-1.34788e+04 1.34740e+06
-1.34638e+04 1.34742e+06
-1.34487e+04 1.34743e+06
-1.34337e+04 1.34745e+06
-1.34187e+04 1.34746e+06
-1.34037e+04 1.34747e+06
-1.33886e+04 1.34749e+06
-1.33736e+04 1.34750e+06
-1.33585e+04 1.34752e+06
-1.33435e+04 1.34753e+06
-1.33284e+04 1.34755e+06
-1.33134e+04 1.34756e+06
-1.32983e+04 1.34758e+06
-1.32833e+04 1.34759e+06
-1.32682e+04 1.34760e+06
-1.32532e+04 1.34762e+06
-1.32381e+04 1.34763e+06
-1.32231e+04 1.34765e+06
-1.32080e+04 1.34766e+06
-1.31930e+04 1.34768e+06
-1.31779e+04 1.34769e+06
-1.31629e+04 1.34771e+06
-1.31478e+04 1.34772e+06
-1.31328e+04 1.34773e+06
-1.31177e+04 1.34775e+06
-1.31027e+04 1.34776e+06
-1.30876e+04 1.34778e+06
-1.30726e+04 1.34779e+06
-1.30575e+04 1.34781e+06
-1.30425e+04 1.34782e+06
-1.30274e+04 1.34783e+06
-1.30124e+04 1.34785e+06
-1.29973e+04 1.34786e+06
-1.29823e+04 1.34788e+06
-1.29672e+04 1.34789e+06
-1.29522e+04 1.34791e+06
-1.29371e+04 1.34792e+06
-1.29221e+04 1.34794e+06
-1.29070e+04 1.34795e+06
-1.28920e+04 1.34796e+06
-1.28769e+04 1.34798e+06
-1.28619e+04 1.34799e+06
-1.28468e+04 1.34801e+06
-1.28318e+04 1.34802e+06
-1.28167e+04 1.34804e+06
-1.28017e+04 1.34805e+06
-1.27866e+04 1.34807e+06
-1.27716e+04 1.34808e+06
-1.27565e+04 1.34809e+06
-1.27415e+04 1.34811e+06
-1.27264e+04 1.34812e+06
-1.27114e+04 1.34814e+06
-1.26963e+04 1.34815e+06
-1.26813e+04 1.34817e+06
-1.26662e+04 1.34818e+06
-1.26512e+04 1.34820e+06
-1.26361e+04 1.34821e+06
-1.26211e+04 1.34822e+06
-1.26060e+04 1.34824e+06
-1.25910e+04 1.34825e+06
-1.25759e+04 1.34827e+06
-1.25609e+04 1.34828e+06
-1.25458e+04 1.34830e+06
-1.25308e+04 1.34831e+06
-1.25157e+04 1.34832e+06
-1.25007e+04 1.34834e+06
-1.24856e+04 1.34835e+06
-1.24706e+04 1.34837e+06
-1.24555e+04 1.34838e+06
-1.24405e+04 1.34840e+06
-1.24254e+04 1.34841e+06
-1.24104e+04 1.34843e+06
-1.23953e+04 1.34844e+06
-1.23803e+04 1.34845e+06
-1.23653e+04 1.34847e+06
-1.23502e+04 1.34848e+06
-1.23352e+04 1.34850e+06
-1.23201e+04 1.34851e+06
-1.23051e+04 1.34853e+06
-1.22900e+04 1.34854e+06
-1.22750e+04 1.34856e+06
-1.22599e+04 1.34857e+06
-1.22449e+04 1.34858e+06
-1.22298e+04 1.34860e+06
-1.22148e+04 1.34861e+06
-1.21997e+04 1.34863e+06
-1.21847e+04 1.34864e+06
-1.21696e+04 1.34866e+06
-1.21546e+04 1.34867e+06
-1.21395e+04 1.34869e+06
-1.21245e+04 1.34870e+06
-1.21094e+04 1.34871e+06
-1.20944e+04 1.34873e+06
-1.20793e+04 1.34874e+06
-1.20643e+04 1.34876e+06
-1.20492e+04 1.34877e+06
-1.20342e+04 1.34879e+06
-1.20191e+04 1.34880e+06
-1.20041e+04 1.34881e+06
-1.19890e+04 1.34883e+06
-1.19740e+04 1.34884e+06
-1.19589e+04 1.34886e+06
-1.19439e+04 1.34887e+06
-1.19288e+04 1.34889e+06
-1.19138e+04 1.34890e+06
-1.18987e+04 1.34892e+06
-1.18837e+04 1.34893e+06
-1.18686e+04 1.34894e+06
-1.18536e+04 1.34896e+06
-1.18385e+04 1.34897e+06
-1.18235e+04 1.34899e+06
-1.18084e+04 1.34900e+06
-1.17934e+04 1.34902e+06
-1.17783e+04 1.34903e+06
-1.17633e+04 1.34905e+06
-1.17482e+04 1.34906e+06
-1.17332e+04 1.34907e+06
-1.17181e+04 1.34909e+06
-1.17031e+04 1.34910e+06
-1.16880e+04 1.34912e+06
-1.16730e+04 1.34913e+06
-1.16579e+04 1.34915e+06
-1.16429e+04 1.34916e+06
-1.16278e+04 1.34918e+06
-1.16128e+04 1.34919e+06
-1.15977e+04 1.34920e+06
-1.15827e+04 1.34922e+06
-1.15676e+04 1.34923e+06
-1.15526e+04 1.34925e+06
-1.15375e+04 1.34926e+06
-1.15225e+04 1.34928e+06
-1.15074e+04 1.34929e+06
-1.14924e+04 1.34931e+06
-1.14773e+04 1.34932e+06
-1.14623e+04 1.34933e+06
-1.14472e+04 1.34935e+06
-1.14322e+04 1.34936e+06
-1.14171e+04 1.34938e+06
-1.14021e+04 1.34939e+06
-1.13870e+04 1.34941e+06
-1.13720e+04 1.34942e+06
-1.13569e+04 1.34943e+06
-1.13419e+04 1.34945e+06
-1.13268e+04 1.34946e+06
-1.13118e+04 1.34948e+06
-1.12967e+04 1.34949e+06
-1.12817e+04 1.34951e+06
-1.12666e+04 1.34952e+06
-1.12516e+04 1.34954e+06
-1.12365e+04 1.34955e+06
-1.12215e+04 1.34956e+06
-1.12064e+04 1.34958e+06
-1.11914e+04 1.34959e+06
-1.11763e+04 1.34961e+06
-1.11613e+04 1.34962e+06
-1.11462e+04 1.34964e+06
-1.11312e+04 1.34965e+06
-1.11161e+04 1.34967e+06
-1.11011e+04 1.34968e+06
-1.10861e+04 1.34969e+06
-1.10710e+04 1.34971e+06
-1.10560e+04 1.34972e+06
-1.10409e+04 1.34974e+06
-1.10259e+04 1.34975e+06
-1.10108e+04 1.34977e+06
-1.09958e+04 1.34978e+06
-1.09807e+04 1.34980e+06
-1.09657e+04 1.34981e+06
-1.09506e+04 1.34982e+06
-1.09356e+04 1.34984e+06
-1.09205e+04 1.34985e+06
-1.09055e+04 1.34987e+06
-1.08904e+04 1.34988e+06
-1.08754e+04 1.34990e+06
-1.08603e+04 1.34991e+06
-1.08453e+04 1.34992e+06
-1.08302e+04 1.34994e+06
-1.08152e+04 1.34995e+06
-1.08001e+04 1.34997e+06
-1.07851e+04 1.34998e+06
-1.07700e+04 1.35000e+06
-1.07550e+04 1.35001e+06
-1.07399e+04 1.35003e+06
-1.07249e+04 1.35004e+06
-1.07098e+04 1.35005e+06
-1.06948e+04 1.35007e+06
-1.06797e+04 1.35008e+06
-1.06647e+04 1.35010e+06
-1.06496e+04 1.35011e+06
-1.06346e+04 1.35013e+06
-1.06195e+04 1.35014e+06
-1.06045e+04 1.35016e+06
-1.05894e+04 1.35017e+06
-1.05744e+04 1.35018e+06
-1.05593e+04 1.35020e+06
-1.05443e+04 1.35021e+06
-1.05292e+04 1.35023e+06
-1.05142e+04 1.35024e+06
-1.04991e+04 1.35026e+06
-1.04841e+04 1.35027e+06
-1.04690e+04 1.35029e+06
-1.04540e+04 1.35030e+06
-1.04389e+04 1.35031e+06
-1.04239e+04 1.35033e+06
-1.04088e+04 1.35034e+06
-1.03938e+04 1.35036e+06
-1.03787e+04 1.35037e+06
-1.03636e+04 1.35039e+06
-1.03486e+04 1.35040e+06
-1.03335e+04 1.35041e+06
-1.03184e+04 1.35043e+06
-1.03034e+04 1.35044e+06
-1.02883e+04 1.35046e+06
-1.02733e+04 1.35047e+06
-1.02582e+04 1.35049e+06
-1.02431e+04 1.35050e+06
-1.02281e+04 1.35051e+06
-1.02130e+04 1.35053e+06
-1.01979e+04 1.35054e+06
-1.01829e+04 1.35056e+06
-1.01678e+04 1.35057e+06
-1.01528e+04 1.35059e+06
-1.01377e+04 1.35060e+06
-1.01226e+04 1.35062e+06
-1.01076e+04 1.35063e+06
-1.00925e+04 1.35064e+06
-1.00774e+04 1.35066e+06
-1.00624e+04 1.35067e+06
-1.00473e+04 1.35069e+06
-1.00323e+04 1.35070e+06
-1.00172e+04 1.35072e+06
-1.00021e+04 1.35073e+06
-9.98706e+03 1.35074e+06
-9.97200e+03 1.35076e+06
-9.95694e+03 1.35077e+06
-9.94187e+03 1.35079e+06
-9.92681e+03 1.35080e+06
-9.91175e+03 1.35082e+06
-9.89668e+03 1.35083e+06
-9.88162e+03 1.35084e+06
-9.86656e+03 1.35086e+06
-9.85150e+03 1.35087e+06
-9.83643e+03 1.35089e+06
-9.82137e+03 1.35090e+06
-9.80631e+03 1.35092e+06
-9.79124e+03 1.35093e+06
-9.77618e+03 1.35094e+06
-9.76112e+03 1.35096e+06
-9.74605e+03 1.35097e+06
-9.73099e+03 1.35099e+06
-9.71593e+03 1.35100e+06
-9.70087e+03 1.35102e+06
-9.68580e+03 1.35103e+06
-9.67074e+03 1.35104e+06
-9.65568e+03 1.35106e+06
-9.64061e+03 1.35107e+06
-9.62555e+03 1.35109e+06
-9.61049e+03 1.35110e+06
-9.59542e+03 1.35112e+06
-9.58036e+03 1.35113e+06
-9.56530e+03 1.35114e+06
-9.55024e+03 1.35116e+06
-9.53517e+03 1.35117e+06
-9.52011e+03 1.35119e+06
-9.50505e+03 1.35120e+06
-9.48998e+03 1.35122e+06
-9.47492e+03 1.35123e+06
-9.45986e+03 1.35125e+06
-9.44479e+03 1.35126e+06
-9.42973e+03 1.35127e+06
-9.41467e+03 1.35129e+06
-9.39961e+03 1.35130e+06
-9.38454e+03 1.35132e+06
-9.36948e+03 1.35133e+06
-9.35442e+03 1.35135e+06
-9.33935e+03 1.35136e+06
-9.32429e+03 1.35137e+06
-9.30923e+03 1.35139e+06
-9.29416e+03 1.35140e+06
-9.27910e+03 1.35142e+06
-9.26404e+03 1.35143e+06
-9.24898e+03 1.35145e+06
-9.23391e+03 1.35146e+06
-9.21885e+03 1.35147e+06
-9.20379e+03 1.35149e+06
-9.18872e+03 1.35150e+06
-9.17366e+03 1.35152e+06
-9.15860e+03 1.35153e+06
-9.14353e+03 1.35155e+06
-9.12847e+03 1.35156e+06
-9.11341e+03 1.35157e+06
-9.09835e+03 1.35159e+06
-9.08328e+03 1.35160e+06
-9.06822e+03 1.35162e+06
-9.05316e+03 1.35163e+06
-9.03809e+03 1.35165e+06
-9.02303e+03 1.35166e+06
-9.00797e+03 1.35167e+06
-8.99291e+03 1.35169e+06
-8.97784e+03 1.35170e+06
-8.96278e+03 1.35172e+06
-8.94772e+03 1.35173e+06
-8.93265e+03 1.35175e+06
-8.91759e+03 1.35176e+06
-8.90253e+03 1.35177e+06
-8.88746e+03 1.35179e+06
-8.87240e+03 1.35180e+06
-8.85734e+03 1.35182e+06
-8.84228e+03 1.35183e+06
-8.82721e+03 1.35185e+06
-8.81215e+03 1.35186e+06
-8.79709e+03 1.35188e+06
-8.78202e+03 1.35189e+06
-8.76696e+03 1.35190e+06
-8.75190e+03 1.35192e+06
-8.73683e+03 1.35193e+06
-8.72177e+03 1.35195e+06
-8.70671e+03 1.35196e+06
-8.69165e+03 1.35198e+06
-8.67658e+03 1.35199e+06
-8.66152e+03 1.35200e+06
-8.64646e+03 1.35202e+06
-8.63139e+03 1.35203e+06
-8.61633e+03 1.35205e+06
-8.60127e+03 1.35206e+06
-8.58620e+03 1.35208e+06
-8.57114e+03 1.35209e+06
-8.55608e+03 1.35210e+06
-8.54102e+03 1.35212e+06
-8.52595e+03 1.35213e+06
-8.51089e+03 1.35215e+06
-8.49583e+03 1.35216e+06
-8.48076e+03 1.35218e+06
-8.46570e+03 1.35219e+06
-8.45064e+03 1.35220e+06
-8.43557e+03 1.35222e+06
-8.42051e+03 1.35223e+06
-8.40545e+03 1.35225e+06
-8.39039e+03 1.35226e+06
-8.37532e+03 1.35228e+06
-8.36026e+03 1.35229e+06
-8.34520e+03 1.35230e+06
-8.33013e+03 1.35232e+06
-8.31507e+03 1.35233e+06
-8.30001e+03 1.35235e+06
-8.28494e+03 1.35236e+06
-8.26988e+03 1.35238e+06
-8.25482e+03 1.35239e+06
-8.23976e+03 1.35240e+06
-8.22469e+03 1.35242e+06
-8.20963e+03 1.35243e+06
-8.19457e+03 1.35245e+06
-8.17950e+03 1.35246e+06
-8.16444e+03 1.35248e+06
-8.14938e+03 1.35249e+06
-8.13431e+03 1.35251e+06
-8.11925e+03 1.35252e+06
-8.10419e+03 1.35253e+06
-8.08913e+03 1.35255e+06
-8.07406e+03 1.35256e+06
-8.05900e+03 1.35258e+06
-8.04394e+03 1.35259e+06
-8.02887e+03 1.35261e+06
-8.01381e+03 1.35262e+06
-7.99875e+03 1.35263e+06
-7.98368e+03 1.35265e+06
-7.96862e+03 1.35266e+06
-7.95356e+03 1.35268e+06
-7.93850e+03 1.35269e+06
-7.92343e+03 1.35271e+06
-7.90837e+03 1.35272e+06
-7.89331e+03 1.35273e+06
-7.87824e+03 1.35275e+06
-7.86318e+03 1.35276e+06
-7.84812e+03 1.35278e+06
-7.83305e+03 1.35279e+06
-7.81799e+03 1.35281e+06
-7.80293e+03 1.35282e+06
-7.78787e+03 1.35283e+06
-7.77280e+03 1.35285e+06
-7.75774e+03 1.35286e+06
-7.74268e+03 1.35288e+06
-7.72761e+03 1.35289e+06
-7.71255e+03 1.35291e+06
-7.69749e+03 1.35292e+06
-7.68242e+03 1.35293e+06
-7.66736e+03 1.35295e+06
-7.65230e+03 1.35296e+06
-7.63724e+03 1.35298e+06
-7.62217e+03 1.35299e+06
-7.60711e+03 1.35301e+06
-7.59205e+03 1.35302e+06
-7.57698e+03 1.35303e+06
-7.56192e+03 1.35305e+06
-7.54686e+03 1.35306e+06
-7.53179e+03 1.35308e+06
-7.51673e+03 1.35309e+06
-7.50167e+03 1.35311e+06
-7.48661e+03 1.35312e+06
-7.47154e+03 1.35314e+06
-7.45648e+03 1.35315e+06
-7.44142e+03 1.35316e+06
-7.42635e+03 1.35318e+06
-7.41122e+03 1.35319e+06
-7.39609e+03 1.35321e+06
-7.38096e+03 1.35322e+06
-7.36583e+03 1.35323e+06
-7.35069e+03 1.35325e+06
-7.33556e+03 1.35326e+06
-7.32043e+03 1.35328e+06
-7.30530e+03 1.35329e+06
-7.29017e+03 1.35331e+06
-7.27503e+03 1.35332e+06
-7.25990e+03 1.35333e+06
-7.24477e+03 1.35335e+06
-7.22964e+03 1.35336e+06
-7.21451e+03 1.35338e+06
-7.19937e+03 1.35339e+06
-7.18424e+03 1.35341e+06
-7.16911e+03 1.35342e+06
-7.15398e+03 1.35343e+06
-7.13885e+03 1.35345e+06
-7.12371e+03 1.35346e+06
-7.10858e+03 1.35348e+06
-7.09345e+03 1.35349e+06
-7.07832e+03 1.35351e+06
-7.06319e+03 1.35352e+06
-7.04805e+03 1.35353e+06
-7.03292e+03 1.35355e+06
-7.01779e+03 1.35356e+06
-7.00266e+03 1.35358e+06
-6.98753e+03 1.35359e+06
-6.97239e+03 1.35361e+06
-6.95726e+03 1.35362e+06
-6.94213e+03 1.35363e+06
-6.92700e+03 1.35365e+06
-6.91187e+03 1.35366e+06
-6.89673e+03 1.35368e+06
-6.88160e+03 1.35369e+06
-6.86647e+03 1.35371e+06
-6.85134e+03 1.35372e+06
-6.83621e+03 1.35373e+06
-6.82107e+03 1.35375e+06
-6.80594e+03 1.35376e+06
-6.79081e+03 1.35378e+06
-6.77568e+03 1.35379e+06
-6.76055e+03 1.35381e+06
-6.74541e+03 1.35382e+06
-6.73028e+03 1.35383e+06
-6.71515e+03 1.35385e+06
-6.70002e+03 1.35386e+06
-6.68489e+03 1.35388e+06
-6.66975e+03 1.35389e+06
-6.65462e+03 1.35391e+06
-6.63949e+03 1.35392e+06
-6.62436e+03 1.35393e+06
-6.60923e+03 1.35395e+06
-6.59409e+03 1.35396e+06
-6.57896e+03 1.35398e+06
-6.56383e+03 1.35399e+06
-6.54870e+03 1.35400e+06
-6.53357e+03 1.35402e+06
-6.51843e+03 1.35403e+06
-6.50330e+03 1.35405e+06
-6.48817e+03 1.35406e+06
-6.47304e+03 1.35408e+06
-6.45791e+03 1.35409e+06
-6.44277e+03 1.35410e+06
-6.42764e+03 1.35412e+06
-6.41251e+03 1.35413e+06
-6.39738e+03 1.35415e+06
-6.38225e+03 1.35416e+06
-6.36711e+03 1.35418e+06
-6.35198e+03 1.35419e+06
-6.33685e+03 1.35420e+06
-6.32172e+03 1.35422e+06
-6.30659e+03 1.35423e+06
-6.29145e+03 1.35425e+06
-6.27632e+03 1.35426e+06
-6.26119e+03 1.35428e+06
-6.24606e+03 1.35429e+06
-6.23093e+03 1.35430e+06
-6.21579e+03 1.35432e+06
-6.20066e+03 1.35433e+06
-6.18553e+03 1.35435e+06
-6.17040e+03 1.35436e+06
-6.15527e+03 1.35438e+06
-6.14013e+03 1.35439e+06
-6.12500e+03 1.35440e+06
-6.10987e+03 1.35442e+06
-6.09474e+03 1.35443e+06
-6.07961e+03 1.35445e+06
-6.06447e+03 1.35446e+06
-6.04934e+03 1.35448e+06
-6.03421e+03 1.35449e+06
-6.01908e+03 1.35450e+06
-6.00395e+03 1.35452e+06
-5.98881e+03 1.35453e+06
-5.97368e+03 1.35455e+06
-5.95855e+03 1.35456e+06
-5.94342e+03 1.35458e+06
-5.92829e+03 1.35459e+06
-5.91315e+03 1.35460e+06
-5.89809e+03 1.35462e+06
-5.88302e+03 1.35463e+06
-5.86796e+03 1.35465e+06
-5.85289e+03 1.35466e+06
-5.83783e+03 1.35467e+06
-5.82276e+03 1.35469e+06
-5.80769e+03 1.35470e+06
-5.79263e+03 1.35472e+06
-5.77756e+03 1.35473e+06
-5.76250e+03 1.35474e+06
-5.74743e+03 1.35476e+06
-5.73237e+03 1.35477e+06
-5.71730e+03 1.35479e+06
-5.70223e+03 1.35480e+06
-5.68717e+03 1.35481e+06
-5.67210e+03 1.35483e+06
-5.65704e+03 1.35484e+06
-5.64197e+03 1.35486e+06
-5.62691e+03 1.35487e+06
-5.61184e+03 1.35488e+06
-5.59677e+03 1.35490e+06
-5.58171e+03 1.35491e+06
-5.56664e+03 1.35493e+06
-5.55158e+03 1.35494e+06
-5.53651e+03 1.35495e+06
-5.52145e+03 1.35497e+06
-5.50638e+03 1.35498e+06
-5.49131e+03 1.35500e+06
-5.47625e+03 1.35501e+06
-5.46118e+03 1.35503e+06
-5.44612e+03 1.35504e+06
-5.43105e+03 1.35505e+06
-5.41599e+03 1.35507e+06
-5.40092e+03 1.35508e+06
-5.38585e+03 1.35510e+06
-5.37079e+03 1.35511e+06
-5.35572e+03 1.35512e+06
-5.34066e+03 1.35514e+06
-5.32559e+03 1.35515e+06
-5.31053e+03 1.35517e+06
-5.29546e+03 1.35518e+06
-5.28040e+03 1.35519e+06
-5.26533e+03 1.35521e+06
-5.25026e+03 1.35522e+06
-5.23520e+03 1.35524e+06
-5.22013e+03 1.35525e+06
-5.20507e+03 1.35526e+06
-5.19000e+03 1.35528e+06
-5.17494e+03 1.35529e+06
-5.15987e+03 1.35531e+06
-5.14480e+03 1.35532e+06
-5.12974e+03 1.35533e+06
-5.11467e+03 1.35535e+06
-5.09961e+03 1.35536e+06
-5.08454e+03 1.35538e+06
-5.06948e+03 1.35539e+06
-5.05441e+03 1.35540e+06
-5.03934e+03 1.35542e+06
-5.02428e+03 1.35543e+06
-5.00921e+03 1.35545e+06
-4.99415e+03 1.35546e+06
-4.97908e+03 1.35547e+06
-4.96402e+03 1.35549e+06
-4.94895e+03 1.35550e+06
-4.93388e+03 1.35552e+06
-4.91882e+03 1.35553e+06
-4.90375e+03 1.35554e+06
-4.88869e+03 1.35556e+06
-4.87362e+03 1.35557e+06
-4.85856e+03 1.35559e+06
-4.84349e+03 1.35560e+06
-4.82842e+03 1.35562e+06
-4.81336e+03 1.35563e+06
-4.79829e+03 1.35564e+06
-4.78323e+03 1.35566e+06
-4.76816e+03 1.35567e+06
-4.75310e+03 1.35569e+06
-4.73803e+03 1.35570e+06
-4.72297e+03 1.35571e+06
-4.70790e+03 1.35573e+06
-4.69283e+03 1.35574e+06
-4.67777e+03 1.35576e+06
-4.66270e+03 1.35577e+06
-4.64764e+03 1.35578e+06
-4.63257e+03 1.35580e+06
-4.61751e+03 1.35581e+06
-4.60244e+03 1.35583e+06
-4.58737e+03 1.35584e+06
-4.57231e+03 1.35585e+06
-4.55724e+03 1.35587e+06
-4.54218e+03 1.35588e+06
-4.52711e+03 1.35590e+06
-4.51205e+03 1.35591e+06
-4.49698e+03 1.35592e+06
-4.48191e+03 1.35594e+06
-4.46685e+03 1.35595e+06
-4.45178e+03 1.35597e+06
-4.43672e+03 1.35598e+06
-4.42165e+03 1.35599e+06
-4.40659e+03 1.35601e+06
-4.39151e+03 1.35602e+06
-4.37643e+03 1.35604e+06
-4.36135e+03 1.35605e+06
-4.34627e+03 1.35606e+06
-4.33119e+03 1.35608e+06
-4.31611e+03 1.35609e+06
-4.30103e+03 1.35611e+06
-4.28595e+03 1.35612e+06
-4.27088e+03 1.35613e+06
-4.25580e+03 1.35615e+06
-4.24072e+03 1.35616e+06
-4.22564e+03 1.35618e+06
-4.21056e+03 1.35619e+06
-4.19548e+03 1.35620e+06
-4.18040e+03 1.35622e+06
-4.16532e+03 1.35623e+06
-4.15024e+03 1.35625e+06
-4.13517e+03 1.35626e+06
-4.12009e+03 1.35627e+06
-4.10501e+03 1.35629e+06
-4.08993e+03 1.35630e+06
-4.07485e+03 1.35632e+06
-4.05977e+03 1.35633e+06
-4.04469e+03 1.35634e+06
-4.02961e+03 1.35636e+06
-4.01453e+03 1.35637e+06
-3.99946e+03 1.35639e+06
-3.98438e+03 1.35640e+06
-3.96930e+03 1.35641e+06
-3.95422e+03 1.35643e+06
-3.93914e+03 1.35644e+06
-3.92406e+03 1.35646e+06
-3.90898e+03 1.35647e+06
-3.89390e+03 1.35648e+06
-3.87882e+03 1.35650e+06
-3.86375e+03 1.35651e+06
-3.84867e+03 1.35653e+06
-3.83359e+03 1.35654e+06
-3.81851e+03 1.35655e+06
-3.80343e+03 1.35657e+06
-3.78835e+03 1.35658e+06
-3.77327e+03 1.35660e+06
-3.75819e+03 1.35661e+06
-3.74311e+03 1.35663e+06
-3.72803e+03 1.35664e+06
-3.71296e+03 1.35665e+06
-3.69788e+03 1.35667e+06
-3.68280e+03 1.35668e+06
-3.66772e+03 1.35670e+06
-3.65264e+03 1.35671e+06
-3.63756e+03 1.35672e+06
-3.62248e+03 1.35674e+06
-3.60740e+03 1.35675e+06
-3.59232e+03 1.35677e+06
-3.57725e+03 1.35678e+06
-3.56217e+03 1.35679e+06
-3.54709e+03 1.35681e+06
-3.53201e+03 1.35682e+06
-3.51693e+03 1.35684e+06
-3.50185e+03 1.35685e+06
-3.48677e+03 1.35686e+06
-3.47169e+03 1.35688e+06
-3.45661e+03 1.35689e+06
-3.44154e+03 1.35691e+06
-3.42646e+03 1.35692e+06
-3.41138e+03 1.35693e+06
-3.39630e+03 1.35695e+06
-3.38127e+03 1.35696e+06
-3.36623e+03 1.35698e+06
-3.35120e+03 1.35699e+06
-3.33616e+03 1.35700e+06
-3.32113e+03 1.35702e+06
-3.30610e+03 1.35703e+06
-3.29106e+03 1.35704e+06
-3.27603e+03 1.35706e+06
-3.26100e+03 1.35707e+06
-3.24596e+03 1.35709e+06
-3.23093e+03 1.35710e+06
-3.21589e+03 1.35711e+06
-3.20086e+03 1.35713e+06
-3.18583e+03 1.35714e+06
-3.17079e+03 1.35715e+06
-3.15576e+03 1.35717e+06
-3.14073e+03 1.35718e+06
-3.12569e+03 1.35720e+06
-3.11066e+03 1.35721e+06
-3.09562e+03 1.35722e+06
-3.08059e+03 1.35724e+06
-3.06556e+03 1.35725e+06
-3.05052e+03 1.35726e+06
-3.03549e+03 1.35728e+06
-3.02046e+03 1.35729e+06
-3.00542e+03 1.35731e+06
-2.99039e+03 1.35732e+06
-2.97535e+03 1.35733e+06
-2.96032e+03 1.35735e+06
-2.94529e+03 1.35736e+06
-2.93025e+03 1.35737e+06
-2.91522e+03 1.35739e+06
-2.90019e+03 1.35740e+06
-2.88515e+03 1.35742e+06
-2.87004e+03 1.35743e+06
-2.85492e+03 1.35744e+06
-2.83980e+03 1.35746e+06
-2.82469e+03 1.35747e+06
-2.80957e+03 1.35749e+06
-2.79445e+03 1.35750e+06
-2.77934e+03 1.35751e+06
-2.76422e+03 1.35753e+06
-2.74911e+03 1.35754e+06
-2.73399e+03 1.35755e+06
-2.71887e+03 1.35757e+06
-2.70376e+03 1.35758e+06
-2.68864e+03 1.35760e+06
-2.67352e+03 1.35761e+06
-2.65841e+03 1.35762e+06
-2.64329e+03 1.35764e+06
-2.62817e+03 1.35765e+06
-2.61306e+03 1.35767e+06
-2.59794e+03 1.35768e+06
-2.58283e+03 1.35769e+06
-2.56771e+03 1.35771e+06
-2.55259e+03 1.35772e+06
-2.53748e+03 1.35773e+06
-2.52236e+03 1.35775e+06
-2.50724e+03 1.35776e+06
-2.49213e+03 1.35778e+06
-2.47701e+03 1.35779e+06
-2.46190e+03 1.35780e+06
-2.44678e+03 1.35782e+06
-2.43166e+03 1.35783e+06
-2.41655e+03 1.35785e+06
-2.40143e+03 1.35786e+06
-2.38635e+03 1.35787e+06
-2.37126e+03 1.35789e+06
-2.35618e+03 1.35790e+06
-2.34110e+03 1.35792e+06
-2.32601e+03 1.35793e+06
-2.31093e+03 1.35794e+06
-2.29584e+03 1.35796e+06
-2.28076e+03 1.35797e+06
-2.26568e+03 1.35798e+06
-2.25059e+03 1.35800e+06
-2.23551e+03 1.35801e+06
-2.22042e+03 1.35803e+06
-2.20534e+03 1.35804e+06
-2.19026e+03 1.35805e+06
-2.17517e+03 1.35807e+06
-2.16009e+03 1.35808e+06
-2.14501e+03 1.35810e+06
-2.12992e+03 1.35811e+06
-2.11484e+03 1.35812e+06
-2.09975e+03 1.35814e+06
-2.08467e+03 1.35815e+06
-2.06959e+03 1.35817e+06
-2.05450e+03 1.35818e+06
-2.03942e+03 1.35819e+06
-2.02433e+03 1.35821e+06
-2.00925e+03 1.35822e+06
-1.99417e+03 1.35823e+06
-1.97908e+03 1.35825e+06
-1.96400e+03 1.35826e+06
-1.94892e+03 1.35828e+06
-1.93383e+03 1.35829e+06
-1.91875e+03 1.35830e+06
-1.90366e+03 1.35832e+06
-1.88853e+03 1.35833e+06
-1.87339e+03 1.35835e+06
-1.85826e+03 1.35836e+06
-1.84313e+03 1.35837e+06
-1.82799e+03 1.35839e+06
-1.81286e+03 1.35840e+06
-1.79772e+03 1.35842e+06
-1.78259e+03 1.35843e+06
-1.76745e+03 1.35844e+06
-1.75232e+03 1.35846e+06
-1.73719e+03 1.35847e+06
-1.72205e+03 1.35849e+06
-1.70692e+03 1.35850e+06
-1.69178e+03 1.35851e+06
-1.67665e+03 1.35853e+06
-1.66151e+03 1.35854e+06
-1.64638e+03 1.35856e+06
-1.63124e+03 1.35857e+06
-1.61611e+03 1.35858e+06
-1.60098e+03 1.35860e+06
-1.58584e+03 1.35861e+06
-1.57071e+03 1.35862e+06
-1.55557e+03 1.35864e+06
-1.54044e+03 1.35865e+06
-1.52530e+03 1.35867e+06
-1.51017e+03 1.35868e+06
-1.49503e+03 1.35869e+06
-1.47990e+03 1.35871e+06
-1.46477e+03 1.35872e+06
-1.44963e+03 1.35874e+06
-1.43450e+03 1.35875e+06
-1.41936e+03 1.35876e+06
-1.40423e+03 1.35878e+06
-1.38907e+03 1.35879e+06
-1.37391e+03 1.35881e+06
-1.35874e+03 1.35882e+06
-1.34358e+03 1.35883e+06
-1.32842e+03 1.35885e+06
-1.31326e+03 1.35886e+06
-1.29810e+03 1.35888e+06
-1.28294e+03 1.35889e+06
-1.26778e+03 1.35890e+06
-1.25262e+03 1.35892e+06
-1.23746e+03 1.35893e+06
-1.22230e+03 1.35895e+06
-1.20714e+03 1.35896e+06
-1.19197e+03 1.35897e+06
-1.17681e+03 1.35899e+06
-1.16165e+03 1.35900e+06
-1.14649e+03 1.35902e+06
-1.13133e+03 1.35903e+06
-1.11617e+03 1.35904e+06
-1.10101e+03 1.35906e+06
-1.08585e+03 1.35907e+06
-1.07069e+03 1.35909e+06
-1.05553e+03 1.35910e+06
-1.04037e+03 1.35911e+06
-1.02520e+03 1.35913e+06
-1.01004e+03 1.35914e+06
-9.94882e+02 1.35916e+06
-9.79721e+02 1.35917e+06
-9.64561e+02 1.35918e+06
-9.49400e+02 1.35920e+06
-9.34239e+02 1.35921e+06
-9.19078e+02 1.35923e+06
-9.03917e+02 1.35924e+06
-8.88821e+02 1.35925e+06
-8.73725e+02 1.35927e+06
-8.58629e+02 1.35928e+06
-8.43533e+02 1.35930e+06
-8.28437e+02 1.35931e+06
-8.13342e+02 1.35932e+06
-7.98246e+02 1.35934e+06
-7.83150e+02 1.35935e+06
-7.68054e+02 1.35937e+06
-7.52958e+02 1.35938e+06
-7.37862e+02 1.35939e+06
-7.22766e+02 1.35941e+06
-7.07670e+02 1.35942e+06
-6.92574e+02 1.35944e+06
-6.77479e+02 1.35945e+06
-6.62383e+02 1.35946e+06
-6.47287e+02 1.35948e+06
-6.32191e+02 1.35949e+06
-6.17095e+02 1.35951e+06
-6.01999e+02 1.35952e+06
-5.86903e+02 1.35953e+06
-5.71807e+02 1.35955e+06
-5.56711e+02 1.35956e+06
-5.41616e+02 1.35958e+06
-5.26520e+02 1.35959e+06
-5.11424e+02 1.35960e+06
-4.96328e+02 1.35962e+06
-4.81232e+02 1.35963e+06
-4.66136e+02 1.35965e+06
-4.51040e+02 1.35966e+06
-4.35944e+02 1.35967e+06
-4.20849e+02 1.35969e+06
-4.05753e+02 1.35970e+06
-3.90725e+02 1.35972e+06
-3.75697e+02 1.35973e+06
-3.60669e+02 1.35974e+06
-3.45641e+02 1.35976e+06
-3.30613e+02 1.35977e+06
-3.15585e+02 1.35978e+06
-3.00558e+02 1.35980e+06
-2.85530e+02 1.35981e+06
-2.70502e+02 1.35983e+06
-2.55474e+02 1.35984e+06
-2.40446e+02 1.35985e+06
-2.25418e+02 1.35987e+06
-2.10390e+02 1.35988e+06
-1.95362e+02 1.35989e+06
-1.80335e+02 1.35991e+06
-1.65307e+02 1.35992e+06
-1.50279e+02 1.35994e+06
-1.35251e+02 1.35995e+06
-1.20223e+02 1.35996e+06
-1.05195e+02 1.35998e+06
-9.01673e+01 1.35999e+06
-7.51394e+01 1.36001e+06
-6.01115e+01 1.36002e+06
-4.50836e+01 1.36003e+06
-3.00558e+01 1.36005e+06
-1.50279e+01 1.36006e+06
0.00000e+00 1.36007e+06
1.50279e+01 1.36009e+06
3.00558e+01 1.36010e+06
4.50836e+01 1.36012e+06
6.01115e+01 1.36013e+06
7.51394e+01 1.36014e+06
9.01673e+01 1.36016e+06
1.05184e+02 1.36017e+06
1.20201e+02 1.36019e+06
1.35217e+02 1.36020e+06
1.50234e+02 1.36021e+06
1.65250e+02 1.36023e+06
1.80267e+02 1.36024e+06
1.95284e+02 1.36026e+06
2.10300e+02 1.36027e+06
2.25317e+02 1.36028e+06
2.40334e+02 1.36030e+06
2.55350e+02 1.36031e+06
2.70367e+02 1.36033e+06
2.85384e+02 1.36034e+06
3.00400e+02 1.36035e+06
3.15417e+02 1.36037e+06
3.30434e+02 1.36038e+06
3.45450e+02 1.36040e+06
3.60467e+02 1.36041e+06
3.75484e+02 1.36042e+06
3.90500e+02 1.36044e+06
4.05517e+02 1.36045e+06
4.20534e+02 1.36047e+06
4.35550e+02 1.36048e+06
4.50567e+02 1.36049e+06
4.65583e+02 1.36051e+06
4.80600e+02 1.36052e+06
4.95617e+02 1.36054e+06
5.10633e+02 1.36055e+06
5.25650e+02 1.36056e+06
5.40667e+02 1.36058e+06
5.55683e+02 1.36059e+06
5.70700e+02 1.36061e+06
5.85717e+02 1.36062e+06
6.00733e+02 1.36063e+06
6.15750e+02 1.36065e+06
6.30767e+02 1.36066e+06
6.45783e+02 1.36068e+06
6.60800e+02 1.36069e+06
6.75817e+02 1.36070e+06
6.90833e+02 1.36072e+06
7.05850e+02 1.36073e+06
7.20866e+02 1.36075e+06
7.35883e+02 1.36076e+06
7.50900e+02 1.36077e+06
7.65916e+02 1.36079e+06
7.80933e+02 1.36080e+06
7.95950e+02 1.36082e+06
8.10966e+02 1.36083e+06
8.25983e+02 1.36084e+06
8.41000e+02 1.36086e+06
8.56016e+02 1.36087e+06
8.71033e+02 1.36089e+06
8.86050e+02 1.36090e+06
9.01066e+02 1.36091e+06
9.16083e+02 1.36093e+06
9.31100e+02 1.36094e+06
9.46116e+02 1.36096e+06
9.61133e+02 1.36097e+06
9.76149e+02 1.36098e+06
9.91166e+02 1.36100e+06
1.00618e+03 1.36101e+06
1.02120e+03 1.36103e+06
1.03622e+03 1.36104e+06
1.05123e+03 1.36105e+06
1.06625e+03 1.36107e+06
1.08127e+03 1.36108e+06
1.09628e+03 1.36110e+06
1.11130e+03 1.36111e+06
1.12632e+03 1.36112e+06
1.14133e+03 1.36114e+06
1.15635e+03 1.36115e+06
1.17137e+03 1.36117e+06
1.18638e+03 1.36118e+06
1.20140e+03 1.36119e+06
1.21642e+03 1.36121e+06
1.23143e+03 1.36122e+06
1.24645e+03 1.36124e+06
1.26147e+03 1.36125e+06
1.27648e+03 1.36126e+06
1.29150e+03 1.36128e+06
1.30652e+03 1.36129e+06
1.32153e+03 1.36131e+06
1.33655e+03 1.36132e+06
1.35157e+03 1.36133e+06
1.36658e+03 1.36135e+06
1.38160e+03 1.36136e+06
1.39662e+03 1.36138e+06
1.41163e+03 1.36139e+06
1.42665e+03 1.36140e+06
1.44167e+03 1.36142e+06
1.45668e+03 1.36143e+06
1.47170e+03 1.36145e+06
1.48672e+03 1.36146e+06
1.50173e+03 1.36147e+06
1.51675e+03 1.36149e+06
1.53177e+03 1.36150e+06
1.54678e+03 1.36152e+06
1.56180e+03 1.36153e+06
1.57682e+03 1.36154e+06
1.59183e+03 1.36156e+06
1.60685e+03 1.36157e+06
1.62187e+03 1.36159e+06
1.63688e+03 1.36160e+06
1.65190e+03 1.36161e+06
1.66692e+03 1.36163e+06
1.68193e+03 1.36164e+06
1.69695e+03 1.36166e+06
1.71197e+03 1.36167e+06
1.72698e+03 1.36168e+06
1.74200e+03 1.36170e+06
1.75702e+03 1.36171e+06
1.77203e+03 1.36173e+06
1.78705e+03 1.36174e+06
1.80207e+03 1.36175e+06
1.81708e+03 1.36177e+06
1.83210e+03 1.36178e+06
1.84712e+03 1.36180e+06
1.86213e+03 1.36181e+06
1.87715e+03 1.36182e+06
1.89216e+03 1.36184e+06
1.90718e+03 1.36185e+06
1.92220e+03 1.36187e+06
1.93721e+03 1.36188e+06
1.95223e+03 1.36189e+06
1.96725e+03 1.36191e+06
1.98226e+03 1.36192e+06
1.99728e+03 1.36194e+06
2.01230e+03 1.36195e+06
2.02731e+03 1.36197e+06
2.04233e+03 1.36198e+06
2.05735e+03 1.36199e+06
2.07236e+03 1.36201e+06
2.08738e+03 1.36202e+06
2.10240e+03 1.36204e+06
2.11741e+03 1.36205e+06
2.13243e+03 1.36206e+06
2.14745e+03 1.36208e+06
2.16246e+03 1.36209e+06
2.17748e+03 1.36211e+06
2.19250e+03 1.36212e+06
2.20751e+03 1.36213e+06
2.22253e+03 1.36215e+06
2.23755e+03 1.36216e+06
2.25256e+03 1.36218e+06
2.26758e+03 1.36219e+06
2.28260e+03 1.36220e+06
2.29761e+03 1.36222e+06
2.31263e+03 1.36223e+06
2.32765e+03 1.36225e+06
2.34266e+03 1.36226e+06
2.35768e+03 1.36227e+06
2.37270e+03 1.36229e+06
2.38771e+03 1.36230e+06
2.40273e+03 1.36232e+06
2.41775e+03 1.36233e+06
2.43276e+03 1.36234e+06
2.44778e+03 1.36236e+06
2.46280e+03 1.36237e+06
2.47781e+03 1.36239e+06
2.49283e+03 1.36240e+06
2.50785e+03 1.36241e+06
2.52286e+03 1.36243e+06
2.53788e+03 1.36244e+06
2.55290e+03 1.36246e+06
2.56791e+03 1.36247e+06
2.58293e+03 1.36248e+06
2.59795e+03 1.36250e+06
2.61296e+03 1.36251e+06
2.62798e+03 1.36253e+06
2.64300e+03 1.36254e+06
2.65801e+03 1.36255e+06
2.67303e+03 1.36257e+06
2.68805e+03 1.36258e+06
2.70306e+03 1.36260e+06
2.71808e+03 1.36261e+06
2.73310e+03 1.36262e+06
2.74811e+03 1.36264e+06
2.76313e+03 1.36265e+06
2.77815e+03 1.36267e+06
2.79316e+03 1.36268e+06
2.80818e+03 1.36269e+06
2.82320e+03 1.36271e+06
2.83821e+03 1.36272e+06
2.85323e+03 1.36274e+06
2.86825e+03 1.36275e+06
2.88326e+03 1.36276e+06
2.89828e+03 1.36278e+06
2.91330e+03 1.36279e+06
2.92831e+03 1.36281e+06
2.94333e+03 1.36282e+06
2.95835e+03 1.36283e+06
2.97336e+03 1.36285e+06
2.98838e+03 1.36286e+06
3.00340e+03 1.36288e+06
3.01841e+03 1.36289e+06
3.03343e+03 1.36290e+06
3.04845e+03 1.36292e+06
3.06346e+03 1.36293e+06
3.07848e+03 1.36295e+06
3.09350e+03 1.36296e+06
3.10851e+03 1.36297e+06
3.12353e+03 1.36299e+06
3.13855e+03 1.36300e+06
3.15356e+03 1.36302e+06
3.16858e+03 1.36303e+06
3.18360e+03 1.36304e+06
3.19861e+03 1.36306e+06
3.21363e+03 1.36307e+06
3.22865e+03 1.36309e+06
3.24366e+03 1.36310e+06
3.25868e+03 1.36311e+06
3.27370e+03 1.36313e+06
3.28871e+03 1.36314e+06
3.30373e+03 1.36316e+06
3.31875e+03 1.36317e+06
3.33376e+03 1.36318e+06
3.34878e+03 1.36320e+06
3.36380e+03 1.36321e+06
3.37881e+03 1.36323e+06
3.39383e+03 1.36324e+06
3.40885e+03 1.36325e+06
3.42386e+03 1.36327e+06
3.43888e+03 1.36328e+06
3.45390e+03 1.36330e+06
3.46891e+03 1.36331e+06
3.48393e+03 1.36332e+06
3.49895e+03 1.36334e+06
3.51396e+03 1.36335e+06
3.52898e+03 1.36337e+06
3.54400e+03 1.36338e+06
3.55901e+03 1.36339e+06
3.57403e+03 1.36341e+06
3.58905e+03 1.36342e+06
3.60406e+03 1.36344e+06
3.61908e+03 1.36345e+06
3.63410e+03 1.36346e+06
3.64911e+03 1.36348e+06
3.66413e+03 1.36349e+06
3.67915e+03 1.36351e+06
3.69416e+03 1.36352e+06
3.70918e+03 1.36353e+06
3.72420e+03 1.36355e+06
3.73921e+03 1.36356e+06
3.75423e+03 1.36358e+06
3.76925e+03 1.36359e+06
3.78426e+03 1.36360e+06
3.79928e+03 1.36362e+06
3.81430e+03 1.36363e+06
3.82931e+03 1.36365e+06
3.84433e+03 1.36366e+06
3.85935e+03 1.36367e+06
3.87436e+03 1.36369e+06
3.88938e+03 1.36370e+06
3.90440e+03 1.36372e+06
3.91941e+03 1.36373e+06
3.93443e+03 1.36374e+06
3.94945e+03 1.36376e+06
3.96446e+03 1.36377e+06
3.97948e+03 1.36379e+06
3.99450e+03 1.36380e+06
4.00951e+03 1.36381e+06
4.02453e+03 1.36383e+06
4.03955e+03 1.36384e+06
4.05456e+03 1.36386e+06
4.06958e+03 1.36387e+06
4.08460e+03 1.36388e+06
4.09961e+03 1.36390e+06
4.11463e+03 1.36391e+06
4.12965e+03 1.36393e+06
4.14466e+03 1.36394e+06
4.15968e+03 1.36395e+06
4.17470e+03 1.36397e+06
4.18971e+03 1.36398e+06
4.20473e+03 1.36400e+06
4.21975e+03 1.36401e+06
4.23476e+03 1.36402e+06
4.24978e+03 1.36404e+06
4.26480e+03 1.36405e+06
4.27981e+03 1.36407e+06
4.29483e+03 1.36408e+06
4.30985e+03 1.36409e+06
4.32486e+03 1.36411e+06
4.33988e+03 1.36412e+06
4.35490e+03 1.36414e+06
4.36991e+03 1.36415e+06
4.38493e+03 1.36416e+06
4.39995e+03 1.36418e+06
4.41496e+03 1.36419e+06
4.42998e+03 1.36421e+06
4.44500e+03 1.36422e+06
4.46001e+03 1.36423e+06
4.47503e+03 1.36425e+06
4.49005e+03 1.36426e+06
4.50506e+03 1.36428e+06
4.52008e+03 1.36429e+06
4.53510e+03 1.36430e+06
4.55011e+03 1.36432e+06
4.56513e+03 1.36433e+06
4.58014e+03 1.36435e+06
4.59516e+03 1.36436e+06
4.61020e+03 1.36438e+06
4.62524e+03 1.36439e+06
4.64028e+03 1.36440e+06
4.65532e+03 1.36442e+06
4.67036e+03 1.36443e+06
4.68540e+03 1.36445e+06
4.70044e+03 1.36446e+06
4.71548e+03 1.36447e+06
4.73052e+03 1.36449e+06
4.74556e+03 1.36450e+06
4.76060e+03 1.36452e+06
4.77564e+03 1.36453e+06
4.79068e+03 1.36455e+06
4.80571e+03 1.36456e+06
4.82075e+03 1.36457e+06
4.83579e+03 1.36459e+06
4.85083e+03 1.36460e+06
4.86587e+03 1.36462e+06
4.88091e+03 1.36463e+06
4.89595e+03 1.36465e+06
4.91099e+03 1.36466e+06
4.92603e+03 1.36467e+06
4.94107e+03 1.36469e+06
4.95611e+03 1.36470e+06
4.97115e+03 1.36472e+06
4.98619e+03 1.36473e+06
5.00123e+03 1.36474e+06
5.01627e+03 1.36476e+06
5.03131e+03 1.36477e+06
5.04635e+03 1.36479e+06
5.06139e+03 1.36480e+06
5.07643e+03 1.36482e+06
5.09147e+03 1.36483e+06
5.10651e+03 1.36484e+06
5.12154e+03 1.36486e+06
5.13658e+03 1.36487e+06
5.15162e+03 1.36489e+06
5.16666e+03 1.36490e+06
5.18170e+03 1.36492e+06
5.19674e+03 1.36493e+06
5.21178e+03 1.36494e+06
5.22682e+03 1.36496e+06
5.24186e+03 1.36497e+06
5.25690e+03 1.36499e+06
5.27194e+03 1.36500e+06
5.28698e+03 1.36501e+06
5.30202e+03 1.36503e+06
5.31706e+03 1.36504e+06
5.33210e+03 1.36506e+06
5.34714e+03 1.36507e+06
5.36218e+03 1.36509e+06
5.37722e+03 1.36510e+06
5.39226e+03 1.36511e+06
5.40730e+03 1.36513e+06
5.42234e+03 1.36514e+06
5.43737e+03 1.36516e+06
5.45241e+03 1.36517e+06
5.46745e+03 1.36518e+06
5.48249e+03 1.36520e+06
5.49753e+03 1.36521e+06
5.51257e+03 1.36523e+06
5.52761e+03 1.36524e+06
5.54265e+03 1.36526e+06
5.55769e+03 1.36527e+06
5.57273e+03 1.36528e+06
5.58777e+03 1.36530e+06
5.60281e+03 1.36531e+06
5.61785e+03 1.36533e+06
5.63289e+03 1.36534e+06
5.64793e+03 1.36536e+06
5.66297e+03 1.36537e+06
5.67801e+03 1.36538e+06
5.69305e+03 1.36540e+06
5.70809e+03 1.36541e+06
5.72313e+03 1.36543e+06
5.73817e+03 1.36544e+06
5.75320e+03 1.36545e+06
5.76824e+03 1.36547e+06
5.78328e+03 1.36548e+06
5.79832e+03 1.36550e+06
5.81336e+03 1.36551e+06
5.82840e+03 1.36553e+06
5.84344e+03 1.36554e+06
5.85848e+03 1.36555e+06
5.87352e+03 1.36557e+06
5.88856e+03 1.36558e+06
5.90360e+03 1.36560e+06
5.91864e+03 1.36561e+06
5.93368e+03 1.36563e+06
5.94872e+03 1.36564e+06
5.96376e+03 1.36565e+06
5.97880e+03 1.36567e+06
5.99384e+03 1.36568e+06
6.00888e+03 1.36570e+06
6.02392e+03 1.36571e+06
6.03896e+03 1.36572e+06
6.05400e+03 1.36574e+06
6.06903e+03 1.36575e+06
6.08407e+03 1.36577e+06
6.09911e+03 1.36578e+06
6.11415e+03 1.36580e+06
6.12919e+03 1.36581e+06
6.14423e+03 1.36582e+06
6.15927e+03 1.36584e+06
6.17431e+03 1.36585e+06
6.18935e+03 1.36587e+06
6.20439e+03 1.36588e+06
6.21943e+03 1.36590e+06
6.23447e+03 1.36591e+06
6.24951e+03 1.36592e+06
6.26455e+03 1.36594e+06
6.27959e+03 1.36595e+06
6.29463e+03 1.36597e+06
6.30967e+03 1.36598e+06
6.32471e+03 1.36599e+06
6.33975e+03 1.36601e+06
6.35479e+03 1.36602e+06
6.36983e+03 1.36604e+06
6.38486e+03 1.36605e+06
6.39990e+03 1.36607e+06
6.41494e+03 1.36608e+06
6.42998e+03 1.36609e+06
6.44502e+03 1.36611e+06
6.46006e+03 1.36612e+06
6.47510e+03 1.36614e+06
6.49014e+03 1.36615e+06
6.50518e+03 1.36617e+06
6.52022e+03 1.36618e+06
6.53526e+03 1.36619e+06
6.55030e+03 1.36621e+06
6.56534e+03 1.36622e+06
6.58038e+03 1.36624e+06
6.59542e+03 1.36625e+06
6.61046e+03 1.36626e+06
6.62550e+03 1.36628e+06
6.64054e+03 1.36629e+06
6.65558e+03 1.36631e+06
6.67062e+03 1.36632e+06
6.68565e+03 1.36634e+06
6.70069e+03 1.36635e+06
6.71573e+03 1.36636e+06
6.73077e+03 1.36638e+06
6.74581e+03 1.36639e+06
6.76085e+03 1.36641e+06
6.77589e+03 1.36642e+06
6.79093e+03 1.36643e+06
6.80597e+03 1.36645e+06
6.82101e+03 1.36646e+06
6.83605e+03 1.36648e+06
6.85109e+03 1.36649e+06
6.86613e+03 1.36651e+06
6.88117e+03 1.36652e+06
6.89621e+03 1.36653e+06
6.91125e+03 1.36655e+06
6.92629e+03 1.36656e+06
6.94133e+03 1.36658e+06
6.95637e+03 1.36659e+06
6.97141e+03 1.36661e+06
6.98645e+03 1.36662e+06
7.00148e+03 1.36663e+06
7.01652e+03 1.36665e+06
7.03156e+03 1.36666e+06
7.04660e+03 1.36668e+06
7.06164e+03 1.36669e+06
7.07668e+03 1.36670e+06
7.09172e+03 1.36672e+06
7.10676e+03 1.36673e+06
7.12180e+03 1.36675e+06
7.13684e+03 1.36676e+06
7.15188e+03 1.36678e+06
7.16692e+03 1.36679e+06
7.18196e+03 1.36680e+06
7.19700e+03 1.36682e+06
7.21204e+03 1.36683e+06
7.22708e+03 1.36685e+06
7.24212e+03 1.36686e+06
7.25716e+03 1.36688e+06
7.27220e+03 1.36689e+06
7.28724e+03 1.36690e+06
7.30228e+03 1.36692e+06
7.31731e+03 1.36693e+06
7.33235e+03 1.36695e+06
7.34739e+03 1.36696e+06
7.36243e+03 1.36697e+06
7.37747e+03 1.36699e+06
7.39251e+03 1.36700e+06
7.40755e+03 1.36702e+06
7.42259e+03 1.36703e+06
7.43763e+03 1.36705e+06
7.45267e+03 1.36706e+06
7.46771e+03 1.36707e+06
7.48275e+03 1.36709e+06
7.49779e+03 1.36710e+06
7.51283e+03 1.36712e+06
7.52787e+03 1.36713e+06
7.54291e+03 1.36715e+06
7.55795e+03 1.36716e+06
7.57299e+03 1.36717e+06
7.58804e+03 1.36719e+06
7.60308e+03 1.36720e+06
7.61813e+03 1.36722e+06
7.63318e+03 1.36723e+06
7.64823e+03 1.36724e+06
7.66328e+03 1.36726e+06
7.67833e+03 1.36727e+06
7.69338e+03 1.36729e+06
7.70843e+03 1.36730e+06
7.72348e+03 1.36732e+06
7.73853e+03 1.36733e+06
7.75357e+03 1.36734e+06
7.76862e+03 1.36736e+06
7.78367e+03 1.36737e+06
7.79872e+03 1.36739e+06
7.81377e+03 1.36740e+06
7.82882e+03 1.36742e+06
7.84387e+03 1.36743e+06
7.85892e+03 1.36744e+06
7.87397e+03 1.36746e+06
7.88902e+03 1.36747e+06
7.90407e+03 1.36749e+06
7.91911e+03 1.36750e+06
7.93416e+03 1.36752e+06
7.94921e+03 1.36753e+06
7.96426e+03 1.36754e+06
7.97931e+03 1.36756e+06
7.99436e+03 1.36757e+06
8.00941e+03 1.36759e+06
8.02446e+03 1.36760e+06
8.03951e+03 1.36762e+06
8.05456e+03 1.36763e+06
8.06960e+03 1.36764e+06
8.08465e+03 1.36766e+06
8.09970e+03 1.36767e+06
8.11475e+03 1.36769e+06
8.12980e+03 1.36770e+06
8.14485e+03 1.36772e+06
8.15990e+03 1.36773e+06
8.17495e+03 1.36774e+06
8.19000e+03 1.36776e+06
8.20505e+03 1.36777e+06
8.22009e+03 1.36779e+06
8.23514e+03 1.36780e+06
8.25019e+03 1.36782e+06
8.26524e+03 1.36783e+06
8.28029e+03 1.36784e+06
8.29534e+03 1.36786e+06
8.31039e+03 1.36787e+06
8.32544e+03 1.36789e+06
8.34049e+03 1.36790e+06
8.35554e+03 1.36792e+06
8.37059e+03 1.36793e+06
8.38563e+03 1.36794e+06
8.40068e+03 1.36796e+06
8.41573e+03 1.36797e+06
8.43078e+03 1.36799e+06
8.44583e+03 1.36800e+06
8.46088e+03 1.36802e+06
8.47593e+03 1.36803e+06
8.49098e+03 1.36804e+06
8.50603e+03 1.36806e+06
8.52108e+03 1.36807e+06
8.53612e+03 1.36809e+06
8.55117e+03 1.36810e+06
8.56622e+03 1.36812e+06
8.58127e+03 1.36813e+06
8.59632e+03 1.36814e+06
8.61137e+03 1.36816e+06
8.62642e+03 1.36817e+06
8.64147e+03 1.36819e+06
8.65652e+03 1.36820e+06
8.67157e+03 1.36822e+06
8.68661e+03 1.36823e+06
8.70166e+03 1.36824e+06
8.71671e+03 1.36826e+06
8.73176e+03 1.36827e+06
8.74681e+03 1.36829e+06
8.76186e+03 1.36830e+06
8.77691e+03 1.36831e+06
8.79196e+03 1.36833e+06
8.80701e+03 1.36834e+06
8.82206e+03 1.36836e+06
8.83711e+03 1.36837e+06
8.85215e+03 1.36839e+06
8.86720e+03 1.36840e+06
8.88225e+03 1.36841e+06
8.89730e+03 1.36843e+06
8.91235e+03 1.36844e+06
8.92740e+03 1.36846e+06
8.94245e+03 1.36847e+06
8.95750e+03 1.36849e+06
8.97255e+03 1.36850e+06
8.98760e+03 1.36851e+06
9.00264e+03 1.36853e+06
9.01769e+03 1.36854e+06
9.03274e+03 1.36856e+06
9.04779e+03 1.36857e+06
9.06284e+03 1.36859e+06
9.07789e+03 1.36860e+06
9.09294e+03 1.36861e+06
9.10799e+03 1.36863e+06
9.12304e+03 1.36864e+06
9.13809e+03 1.36866e+06
9.15313e+03 1.36867e+06
9.16818e+03 1.36869e+06
9.18323e+03 1.36870e+06
9.19828e+03 1.36871e+06
9.21333e+03 1.36873e+06
9.22838e+03 1.36874e+06
9.24343e+03 1.36876e+06
9.25848e+03 1.36877e+06
9.27353e+03 1.36879e+06
9.28858e+03 1.36880e+06
9.30362e+03 1.36881e+06
9.31867e+03 1.36883e+06
9.33372e+03 1.36884e+06
9.34877e+03 1.36886e+06
9.36382e+03 1.36887e+06
9.37887e+03 1.36889e+06
9.39392e+03 1.36890e+06
9.40897e+03 1.36891e+06
9.42402e+03 1.36893e+06
9.43907e+03 1.36894e+06
9.45412e+03 1.36896e+06
9.46916e+03 1.36897e+06
9.48421e+03 1.36899e+06
9.49926e+03 1.36900e+06
9.51431e+03 1.36901e+06
9.52936e+03 1.36903e+06
9.54441e+03 1.36904e+06
9.55946e+03 1.36906e+06
9.57451e+03 1.36907e+06
9.58956e+03 1.36909e+06
9.60461e+03 1.36910e+06
9.61965e+03 1.36911e+06
9.63470e+03 1.36913e+06
9.64975e+03 1.36914e+06
9.66480e+03 1.36916e+06
9.67985e+03 1.36917e+06
9.69490e+03 1.36919e+06
9.70995e+03 1.36920e+06
9.72500e+03 1.36921e+06
9.74005e+03 1.36923e+06
9.75510e+03 1.36924e+06
9.77014e+03 1.36926e+06
9.78519e+03 1.36927e+06
9.80024e+03 1.36929e+06
9.81529e+03 1.36930e+06
9.83034e+03 1.36931e+06
9.84539e+03 1.36933e+06
9.86044e+03 1.36934e+06
9.87549e+03 1.36936e+06
9.89054e+03 1.36937e+06
9.90559e+03 1.36938e+06
9.92064e+03 1.36940e+06
9.93568e+03 1.36941e+06
9.95073e+03 1.36943e+06
9.96578e+03 1.36944e+06
9.98083e+03 1.36946e+06
9.99588e+03 1.36947e+06
1.00109e+04 1.36948e+06
1.00260e+04 1.36950e+06
1.00410e+04 1.36951e+06
1.00561e+04 1.36953e+06
1.00711e+04 1.36954e+06
1.00862e+04 1.36956e+06
1.01012e+04 1.36957e+06
1.01163e+04 1.36958e+06
1.01313e+04 1.36960e+06
1.01464e+04 1.36961e+06
1.01614e+04 1.36963e+06
1.01765e+04 1.36964e+06
1.01915e+04 1.36966e+06
1.02066e+04 1.36967e+06
1.02216e+04 1.36968e+06
1.02367e+04 1.36970e+06
1.02517e+04 1.36971e+06
1.02668e+04 1.36973e+06
1.02818e+04 1.36974e+06
1.02969e+04 1.36976e+06
1.03119e+04 1.36977e+06
1.03270e+04 1.36978e+06
1.03420e+04 1.36980e+06
1.03571e+04 1.36981e+06
1.03721e+04 1.36983e+06
1.03872e+04 1.36984e+06
1.04022e+04 1.36986e+06
1.04173e+04 1.36987e+06
1.04323e+04 1.36988e+06
1.04474e+04 1.36990e+06
1.04624e+04 1.36991e+06
1.04774e+04 1.36993e+06
1.04925e+04 1.36994e+06
1.05075e+04 1.36996e+06
1.05226e+04 1.36997e+06
1.05376e+04 1.36998e+06
1.05527e+04 1.37000e+06
1.05677e+04 1.37001e+06
1.05828e+04 1.37003e+06
1.05978e+04 1.37004e+06
1.06128e+04 1.37006e+06
1.06278e+04 1.37007e+06
1.06428e+04 1.37008e+06
1.06578e+04 1.37010e+06
1.06728e+04 1.37011e+06
1.06879e+04 1.37013e+06
1.07029e+04 1.37014e+06
1.07179e+04 1.37015e+06
1.07329e+04 1.37017e+06
1.07479e+04 1.37018e+06
1.07629e+04 1.37020e+06
1.07779e+04 1.37021e+06
1.07929e+04 1.37023e+06
1.08079e+04 1.37024e+06
1.08229e+04 1.37025e+06
1.08379e+04 1.37027e+06
1.08529e+04 1.37028e+06
1.08680e+04 1.37030e+06
1.08830e+04 1.37031e+06
1.08980e+04 1.37033e+06
1.09130e+04 1.37034e+06
1.09280e+04 1.37035e+06
1.09430e+04 1.37037e+06
1.09580e+04 1.37038e+06
1.09730e+04 1.37040e+06
1.09880e+04 1.37041e+06
1.10030e+04 1.37043e+06
1.10180e+04 1.37044e+06
1.10330e+04 1.37045e+06
1.10481e+04 1.37047e+06
1.10631e+04 1.37048e+06
1.10781e+04 1.37050e+06
1.10931e+04 1.37051e+06
1.11081e+04 1.37052e+06
1.11231e+04 1.37054e+06
1.11381e+04 1.37055e+06
1.11531e+04 1.37057e+06
1.11681e+04 1.37058e+06
1.11831e+04 1.37060e+06
1.11981e+04 1.37061e+06
1.12131e+04 1.37062e+06
1.12282e+04 1.37064e+06
1.12432e+04 1.37065e+06
1.12582e+04 1.37067e+06
1.12732e+04 1.37068e+06
1.12882e+04 1.37070e+06
1.13032e+04 1.37071e+06
1.13182e+04 1.37072e+06
1.13332e+04 1.37074e+06
1.13482e+04 1.37075e+06
1.13632e+04 1.37077e+06
1.13782e+04 1.37078e+06
1.13932e+04 1.37079e+06
1.14083e+04 1.37081e+06
1.14233e+04 1.37082e+06
1.14383e+04 1.37084e+06
1.14533e+04 1.37085e+06
1.14683e+04 1.37087e+06
1.14833e+04 1.37088e+06
1.14983e+04 1.37089e+06
1.15133e+04 1.37091e+06
1.15283e+04 1.37092e+06
1.15433e+04 1.37094e+06
1.15583e+04 1.37095e+06
1.15733e+04 1.37097e+06
1.15884e+04 1.37098e+06
1.16034e+04 1.37099e+06
1.16184e+04 1.37101e+06
1.16334e+04 1.37102e+06
1.16484e+04 1.37104e+06
1.16634e+04 1.37105e+06
1.16784e+04 1.37107e+06
1.16934e+04 1.37108e+06
1.17084e+04 1.37109e+06
1.17234e+04 1.37111e+06
1.17384e+04 1.37112e+06
1.17534e+04 1.37114e+06
1.17685e+04 1.37115e+06
1.17835e+04 1.37116e+06
1.17985e+04 1.37118e+06
1.18135e+04 1.37119e+06
1.18285e+04 1.37121e+06
1.18435e+04 1.37122e+06
1.18585e+04 1.37124e+06
1.18735e+04 1.37125e+06
1.18885e+04 1.37126e+06
1.19035e+04 1.37128e+06
1.19185e+04 1.37129e+06
1.19335e+04 1.37131e+06
1.19486e+04 1.37132e+06
1.19636e+04 1.37134e+06
1.19786e+04 1.37135e+06
1.19936e+04 1.37136e+06
1.20086e+04 1.37138e+06
1.20236e+04 1.37139e+06
1.20386e+04 1.37141e+06
1.20536e+04 1.37142e+06
1.20686e+04 1.37144e+06
1.20836e+04 1.37145e+06
1.20986e+04 1.37146e+06
1.21136e+04 1.37148e+06
1.21287e+04 1.37149e+06
1.21437e+04 1.37151e+06
1.21587e+04 1.37152e+06
1.21737e+04 1.37153e+06
1.21887e+04 1.37155e+06
1.22037e+04 1.37156e+06
1.22187e+04 1.37158e+06
1.22337e+04 1.37159e+06
1.22487e+04 1.37161e+06
1.22637e+04 1.37162e+06
1.22787e+04 1.37163e+06
1.22937e+04 1.37165e+06
1.23088e+04 1.37166e+06
1.23238e+04 1.37168e+06
1.23388e+04 1.37169e+06
1.23538e+04 1.37171e+06
1.23688e+04 1.37172e+06
1.23838e+04 1.37173e+06
1.23988e+04 1.37175e+06
1.24138e+04 1.37176e+06
1.24288e+04 1.37178e+06
1.24438e+04 1.37179e+06
1.24588e+04 1.37180e+06
1.24738e+04 1.37182e+06
1.24889e+04 1.37183e+06
1.25039e+04 1.37185e+06
1.25189e+04 1.37186e+06
1.25339e+04 1.37188e+06
1.25489e+04 1.37189e+06
1.25639e+04 1.37190e+06
1.25789e+04 1.37192e+06
1.25939e+04 1.37193e+06
1.26089e+04 1.37195e+06
1.26239e+04 1.37196e+06
1.26389e+04 1.37198e+06
1.26539e+04 1.37199e+06
1.26690e+04 1.37200e+06
1.26840e+04 1.37202e+06
1.26990e+04 1.37203e+06
1.27140e+04 1.37205e+06
1.27290e+04 1.37206e+06
1.27440e+04 1.37208e+06
1.27590e+04 1.37209e+06
1.27740e+04 1.37210e+06
1.27890e+04 1.37212e+06
1.28040e+04 1.37213e+06
1.28190e+04 1.37215e+06
1.28341e+04 1.37216e+06
1.28491e+04 1.37217e+06
1.28641e+04 1.37219e+06
1.28791e+04 1.37220e+06
1.28941e+04 1.37222e+06
1.29091e+04 1.37223e+06
1.29241e+04 1.37225e+06
1.29391e+04 1.37226e+06
1.29541e+04 1.37227e+06
1.29691e+04 1.37229e+06
1.29841e+04 1.37230e+06
1.29991e+04 1.37232e+06
1.30142e+04 1.37233e+06
1.30292e+04 1.37235e+06
1.30442e+04 1.37236e+06
1.30592e+04 1.37237e+06
1.30742e+04 1.37239e+06
1.30892e+04 1.37240e+06
1.31042e+04 1.37242e+06
1.31192e+04 1.37243e+06
1.31342e+04 1.37244e+06
1.31492e+04 1.37246e+06
1.31642e+04 1.37247e+06
1.31792e+04 1.37249e+06
1.31943e+04 1.37250e+06
1.32093e+04 1.37252e+06
1.32243e+04 1.37253e+06
1.32393e+04 1.37254e+06
1.32543e+04 1.37256e+06
1.32693e+04 1.37257e+06
1.32843e+04 1.37259e+06
1.32993e+04 1.37260e+06
1.33143e+04 1.37262e+06
1.33293e+04 1.37263e+06
1.33443e+04 1.37264e+06
1.33593e+04 1.37266e+06
1.33744e+04 1.37267e+06
1.33894e+04 1.37269e+06
1.34044e+04 1.37270e+06
1.34194e+04 1.37272e+06
1.34344e+04 1.37273e+06
1.34494e+04 1.37274e+06
1.34644e+04 1.37276e+06
1.34794e+04 1.37277e+06
1.34944e+04 1.37279e+06
1.35094e+04 1.37280e+06
1.35244e+04 1.37281e+06
1.35394e+04 1.37283e+06
1.35545e+04 1.37284e+06
1.35695e+04 1.37286e+06
1.35845e+04 1.37287e+06
1.35995e+04 1.37289e+06
1.36145e+04 1.37290e+06
1.36295e+04 1.37291e+06
1.36445e+04 1.37293e+06
1.36595e+04 1.37294e+06
1.36745e+04 1.37296e+06
1.36895e+04 1.37297e+06
1.37045e+04 1.37299e+06
1.37195e+04 1.37300e+06
1.37346e+04 1.37301e+06
1.37496e+04 1.37303e+06
1.37646e+04 1.37304e+06
1.37796e+04 1.37306e+06
1.37946e+04 1.37307e+06
1.38096e+04 1.37308e+06
1.38246e+04 1.37310e+06
1.38396e+04 1.37311e+06
1.38546e+04 1.37313e+06
1.38696e+04 1.37314e+06
1.38846e+04 1.37316e+06
1.38996e+04 1.37317e+06
1.39147e+04 1.37318e+06
1.39297e+04 1.37320e+06
1.39447e+04 1.37321e+06
1.39597e+04 1.37323e+06
1.39747e+04 1.37324e+06
1.39897e+04 1.37326e+06
1.40047e+04 1.37327e+06
1.40197e+04 1.37328e+06
1.40347e+04 1.37330e+06
1.40497e+04 1.37331e+06
1.40647e+04 1.37333e+06
1.40797e+04 1.37334e+06
1.40948e+04 1.37336e+06
1.41098e+04 1.37337e+06
1.41248e+04 1.37338e+06
1.41398e+04 1.37340e+06
1.41548e+04 1.37341e+06
1.41698e+04 1.37343e+06
1.41848e+04 1.37344e+06
1.41998e+04 1.37345e+06
1.42148e+04 1.37347e+06
1.42298e+04 1.37348e+06
1.42448e+04 1.37350e+06
1.42598e+04 1.37351e+06
1.42749e+04 1.37353e+06
1.42899e+04 1.37354e+06
1.43049e+04 1.37355e+06
1.43199e+04 1.37357e+06
1.43349e+04 1.37358e+06
1.43499e+04 1.37360e+06
1.43649e+04 1.37361e+06
1.43799e+04 1.37363e+06
1.43949e+04 1.37364e+06
1.44099e+04 1.37365e+06
1.44249e+04 1.37367e+06
1.44399e+04 1.37368e+06
1.44550e+04 1.37370e+06
1.44700e+04 1.37371e+06
1.44850e+04 1.37372e+06
1.45000e+04 1.37374e+06
1.45150e+04 1.37375e+06
1.45300e+04 1.37377e+06
1.45450e+04 1.37378e+06
1.45600e+04 1.37380e+06
1.45750e+04 1.37381e+06
1.45900e+04 1.37382e+06
1.46050e+04 1.37384e+06
1.46200e+04 1.37385e+06
1.46351e+04 1.37387e+06
1.46501e+04 1.37388e+06
1.46651e+04 1.37390e+06
1.46801e+04 1.37391e+06
1.46951e+04 1.37392e+06
1.47101e+04 1.37394e+06
1.47251e+04 1.37395e+06
1.47401e+04 1.37397e+06
1.47551e+04 1.37398e+06
1.47701e+04 1.37400e+06
1.47851e+04 1.37401e+06
1.48001e+04 1.37402e+06
1.48152e+04 1.37404e+06
1.48302e+04 1.37405e+06
1.48452e+04 1.37407e+06
1.48602e+04 1.37408e+06
1.48752e+04 1.37409e+06
1.48902e+04 1.37411e+06
1.49052e+04 1.37412e+06
1.49202e+04 1.37414e+06
1.49352e+04 1.37415e+06
1.49502e+04 1.37417e+06
1.49652e+04 1.37418e+06
1.49802e+04 1.37419e+06
1.49953e+04 1.37421e+06
1.50103e+04 1.37422e+06
1.50253e+04 1.37424e+06
1.50403e+04 1.37425e+06
1.50553e+04 1.37427e+06
1.50703e+04 1.37428e+06
1.50853e+04 1.37429e+06
1.51003e+04 1.37431e+06
1.51153e+04 1.37432e+06
1.51303e+04 1.37434e+06
1.51453e+04 1.37435e+06
1.51604e+04 1.37437e+06
1.51754e+04 1.37438e+06
1.51904e+04 1.37439e+06
1.52054e+04 1.37441e+06
1.52204e+04 1.37442e+06
1.52354e+04 1.37444e+06
1.52504e+04 1.37445e+06
1.52654e+04 1.37446e+06
1.52804e+04 1.37448e+06
1.52954e+04 1.37449e+06
1.53104e+04 1.37451e+06
1.53254e+04 1.37452e+06
1.53405e+04 1.37454e+06
1.53555e+04 1.37455e+06
1.53705e+04 1.37456e+06
1.53855e+04 1.37458e+06
1.54005e+04 1.37459e+06
1.54155e+04 1.37461e+06
1.54305e+04 1.37462e+06
1.54455e+04 1.37464e+06
1.54605e+04 1.37465e+06
1.54755e+04 1.37466e+06
1.54905e+04 1.37468e+06
1.55055e+04 1.37469e+06
1.55206e+04 1.37471e+06
1.55356e+04 1.37472e+06
1.55506e+04 1.37473e+06
1.55656e+04 1.37475e+06
1.55806e+04 1.37476e+06
1.55956e+04 1.37478e+06
1.56106e+04 1.37479e+06
1.56256e+04 1.37481e+06
1.56406e+04 1.37482e+06
1.56556e+04 1.37483e+06
1.56706e+04 1.37485e+06
1.56856e+04 1.37486e+06
1.57007e+04 1.37488e+06
1.57157e+04 1.37489e+06
1.57307e+04 1.37491e+06
1.57457e+04 1.37492e+06
1.57607e+04 1.37493e+06
1.57757e+04 1.37495e+06
1.57907e+04 1.37496e+06
1.58057e+04 1.37498e+06
1.58207e+04 1.37499e+06
1.58357e+04 1.37501e+06
1.58507e+04 1.37502e+06
1.58657e+04 1.37503e+06
1.58808e+04 1.37505e+06
1.58958e+04 1.37506e+06
1.59108e+04 1.37508e+06
1.59258e+04 1.37509e+06
1.59408e+04 1.37510e+06
1.59558e+04 1.37512e+06
1.59708e+04 1.37513e+06
1.59858e+04 1.37515e+06
1.60008e+04 1.37516e+06
1.60158e+04 1.37518e+06
1.60308e+04 1.37519e+06
1.60458e+04 1.37520e+06
1.60609e+04 1.37522e+06
1.60759e+04 1.37523e+06
1.60909e+04 1.37525e+06
1.61059e+04 1.37526e+06
1.61209e+04 1.37528e+06
1.61359e+04 1.37529e+06
1.61509e+04 1.37530e+06
1.61659e+04 1.37532e+06
1.61809e+04 1.37533e+06
1.61959e+04 1.37535e+06
1.62109e+04 1.37536e+06
1.62259e+04 1.37537e+06
1.62410e+04 1.37539e+06
1.62560e+04 1.37540e+06
1.62710e+04 1.37542e+06
1.62860e+04 1.37543e+06
1.63010e+04 1.37545e+06
1.63160e+04 1.37546e+06
1.63310e+04 1.37547e+06
1.63460e+04 1.37549e+06
1.63610e+04 1.37550e+06
1.63760e+04 1.37552e+06
1.63910e+04 1.37553e+06
1.64060e+04 1.37555e+06
1.64211e+04 1.37556e+06
1.64361e+04 1.37557e+06
1.64511e+04 1.37559e+06
1.64661e+04 1.37560e+06
1.64811e+04 1.37562e+06
1.64961e+04 1.37563e+06
1.65111e+04 1.37564e+06
1.65261e+04 1.37566e+06
1.65411e+04 1.37567e+06
1.65561e+04 1.37569e+06
1.65711e+04 1.37570e+06
1.65861e+04 1.37571e+06
1.66011e+04 1.37573e+06
1.66161e+04 1.37574e+06
1.66312e+04 1.37576e+06
1.66462e+04 1.37577e+06
1.66612e+04 1.37578e+06
1.66762e+04 1.37580e+06
1.66912e+04 1.37581e+06
1.67062e+04 1.37583e+06
1.67212e+04 1.37584e+06
1.67362e+04 1.37585e+06
1.67512e+04 1.37587e+06
1.67662e+04 1.37588e+06
1.67812e+04 1.37590e+06
1.67962e+04 1.37591e+06
1.68112e+04 1.37592e+06
1.68262e+04 1.37594e+06
1.68412e+04 1.37595e+06
1.68563e+04 1.37597e+06
1.68713e+04 1.37598e+06
1.68863e+04 1.37599e+06
1.69013e+04 1.37601e+06
1.69163e+04 1.37602e+06
1.69313e+04 1.37604e+06
1.69463e+04 1.37605e+06
1.69613e+04 1.37606e+06
1.69763e+04 1.37608e+06
1.69913e+04 1.37609e+06
1.70063e+04 1.37611e+06
1.70213e+04 1.37612e+06
1.70363e+04 1.37613e+06
1.70513e+04 1.37615e+06
1.70663e+04 1.37616e+06
1.70814e+04 1.37618e+06
1.70964e+04 1.37619e+06
1.71114e+04 1.37620e+06
1.71264e+04 1.37622e+06
1.71414e+04 1.37623e+06
1.71564e+04 1.37625e+06
1.71714e+04 1.37626e+06
1.71864e+04 1.37627e+06
1.72014e+04 1.37629e+06
1.72164e+04 1.37630e+06
1.72314e+04 1.37632e+06
1.72464e+04 1.37633e+06
1.72614e+04 1.37634e+06
1.72764e+04 1.37636e+06
1.72914e+04 1.37637e+06
1.73065e+04 1.37639e+06
1.73215e+04 1.37640e+06
1.73365e+04 1.37641e+06
1.73515e+04 1.37643e+06
1.73665e+04 1.37644e+06
1.73815e+04 1.37646e+06
1.73965e+04 1.37647e+06
1.74115e+04 1.37648e+06
1.74265e+04 1.37650e+06
1.74415e+04 1.37651e+06
1.74565e+04 1.37653e+06
1.74715e+04 1.37654e+06
1.74865e+04 1.37655e+06
1.75015e+04 1.37657e+06
1.75165e+04 1.37658e+06
1.75316e+04 1.37660e+06
1.75466e+04 1.37661e+06
1.75616e+04 1.37662e+06
1.75766e+04 1.37664e+06
1.75916e+04 1.37665e+06
1.76066e+04 1.37667e+06
1.76216e+04 1.37668e+06
1.76366e+04 1.37669e+06
1.76516e+04 1.37671e+06
1.76666e+04 1.37672e+06
1.76816e+04 1.37674e+06
1.76966e+04 1.37675e+06
1.77116e+04 1.37676e+06
1.77266e+04 1.37678e+06
1.77416e+04 1.37679e+06
1.77566e+04 1.37681e+06
1.77717e+04 1.37682e+06
1.77867e+04 1.37683e+06
1.78017e+04 1.37685e+06
1.78167e+04 1.37686e+06
1.78317e+04 1.37688e+06
1.78467e+04 1.37689e+06
1.78617e+04 1.37690e+06
1.78767e+04 1.37692e+06
1.78917e+04 1.37693e+06
1.79067e+04 1.37695e+06
1.79217e+04 1.37696e+06
1.79367e+04 1.37697e+06
1.79517e+04 1.37699e+06
1.79667e+04 1.37700e+06
1.79817e+04 1.37702e+06
1.79968e+04 1.37703e+06
1.80118e+04 1.37704e+06
1.80268e+04 1.37706e+06
1.80418e+04 1.37707e+06
1.80568e+04 1.37709e+06
1.80718e+04 1.37710e+06
1.80868e+04 1.37711e+06
1.81018e+04 1.37713e+06
1.81168e+04 1.37714e+06
1.81318e+04 1.37716e+06
1.81468e+04 1.37717e+06
1.81618e+04 1.37718e+06
1.81768e+04 1.37720e+06
1.81918e+04 1.37721e+06
1.82068e+04 1.37723e+06
1.82219e+04 1.37724e+06
1.82369e+04 1.37725e+06
1.82519e+04 1.37727e+06
1.82669e+04 1.37728e+06
1.82819e+04 1.37729e+06
1.82969e+04 1.37731e+06
1.83119e+04 1.37732e+06
1.83269e+04 1.37734e+06
1.83419e+04 1.37735e+06
1.83569e+04 1.37736e+06
1.83719e+04 1.37738e+06
1.83869e+04 1.37739e+06
1.84019e+04 1.37741e+06
1.84169e+04 1.37742e+06
1.84319e+04 1.37743e+06
1.84470e+04 1.37745e+06
1.84620e+04 1.37746e+06
1.84770e+04 1.37748e+06
1.84920e+04 1.37749e+06
1.85070e+04 1.37750e+06
1.85220e+04 1.37752e+06
1.85370e+04 1.37753e+06
1.85520e+04 1.37755e+06
1.85670e+04 1.37756e+06
1.85820e+04 1.37757e+06
1.85970e+04 1.37759e+06
1.86120e+04 1.37760e+06
1.86270e+04 1.37762e+06
1.86420e+04 1.37763e+06
1.86570e+04 1.37764e+06
1.86721e+04 1.37766e+06
1.86871e+04 1.37767e+06
1.87021e+04 1.37769e+06
1.87171e+04 1.37770e+06
1.87321e+04 1.37771e+06
1.87471e+04 1.37773e+06
1.87621e+04 1.37774e+06
1.87771e+04 1.37776e+06
1.87921e+04 1.37777e+06
1.88071e+04 1.37778e+06
1.88221e+04 1.37780e+06
1.88371e+04 1.37781e+06
1.88521e+04 1.37783e+06
1.88671e+04 1.37784e+06
1.88821e+04 1.37785e+06
1.88971e+04 1.37787e+06
1.89122e+04 1.37788e+06
1.89272e+04 1.37790e+06
1.89422e+04 1.37791e+06
1.89572e+04 1.37792e+06
1.89722e+04 1.37794e+06
1.89872e+04 1.37795e+06
1.90022e+04 1.37797e+06
1.90172e+04 1.37798e+06
1.90322e+04 1.37799e+06
1.90472e+04 1.37801e+06
1.90622e+04 1.37802e+06
1.90772e+04 1.37804e+06
1.90922e+04 1.37805e+06
1.91072e+04 1.37806e+06
1.91222e+04 1.37808e+06
1.91373e+04 1.37809e+06
1.91523e+04 1.37811e+06
1.91673e+04 1.37812e+06
1.91823e+04 1.37813e+06
1.91973e+04 1.37815e+06
1.92123e+04 1.37816e+06
1.92273e+04 1.37818e+06
1.92423e+04 1.37819e+06
1.92573e+04 1.37820e+06
1.92723e+04 1.37822e+06
1.92873e+04 1.37823e+06
1.93023e+04 1.37825e+06
1.93173e+04 1.37826e+06
1.93323e+04 1.37827e+06
1.93473e+04 1.37829e+06
1.93624e+04 1.37830e+06
1.93774e+04 1.37832e+06
1.93924e+04 1.37833e+06
1.94074e+04 1.37834e+06
1.94224e+04 1.37836e+06
1.94374e+04 1.37837e+06
1.94524e+04 1.37839e+06
1.94674e+04 1.37840e+06
1.94824e+04 1.37841e+06
1.94974e+04 1.37843e+06
1.95124e+04 1.37844e+06
1.95274e+04 1.37846e+06
1.95424e+04 1.37847e+06
1.95574e+04 1.37848e+06
1.95724e+04 1.37850e+06
1.95875e+04 1.37851e+06
1.96025e+04 1.37853e+06
1.96175e+04 1.37854e+06
1.96325e+04 1.37855e+06
1.96475e+04 1.37857e+06
1.96625e+04 1.37858e+06
1.96775e+04 1.37860e+06
1.96925e+04 1.37861e+06
1.97075e+04 1.37862e+06
1.97225e+04 1.37864e+06
1.97375e+04 1.37865e+06
1.97525e+04 1.37867e+06
1.97675e+04 1.37868e+06
1.97825e+04 1.37869e+06
1.97975e+04 1.37871e+06
1.98126e+04 1.37872e+06
1.98276e+04 1.37874e+06
1.98426e+04 1.37875e+06
1.98576e+04 1.37876e+06
1.98726e+04 1.37878e+06
1.98876e+04 1.37879e+06
1.99026e+04 1.37881e+06
1.99176e+04 1.37882e+06
1.99326e+04 1.37883e+06
1.99476e+04 1.37885e+06
1.99626e+04 1.37886e+06
1.99776e+04 1.37888e+06
1.99926e+04 1.37889e+06
2.00076e+04 1.37890e+06
2.00226e+04 1.37892e+06
2.00376e+04 1.37893e+06
2.00527e+04 1.37895e+06
2.00677e+04 1.37896e+06
2.00827e+04 1.37897e+06
2.00977e+04 1.37899e+06
2.01127e+04 1.37900e+06
2.01277e+04 1.37901e+06
2.01427e+04 1.37903e+06
2.01577e+04 1.37904e+06
2.01727e+04 1.37906e+06
2.01877e+04 1.37907e+06
2.02027e+04 1.37908e+06
2.02177e+04 1.37910e+06
2.02327e+04 1.37911e+06
2.02477e+04 1.37913e+06
2.02627e+04 1.37914e+06
2.02778e+04 1.37915e+06
2.02928e+04 1.37917e+06
2.03078e+04 1.37918e+06
2.03228e+04 1.37920e+06
2.03378e+04 1.37921e+06
2.03528e+04 1.37922e+06
2.03678e+04 1.37924e+06
2.03828e+04 1.37925e+06
2.03978e+04 1.37927e+06
2.04128e+04 1.37928e+06
2.04278e+04 1.37929e+06
2.04428e+04 1.37931e+06
2.04578e+04 1.37932e+06
2.04728e+04 1.37934e+06
2.04878e+04 1.37935e+06
2.05029e+04 1.37936e+06
2.05179e+04 1.37938e+06
2.05329e+04 1.37939e+06
2.05479e+04 1.37941e+06
2.05629e+04 1.37942e+06
2.05779e+04 1.37943e+06
2.05929e+04 1.37945e+06
2.06079e+04 1.37946e+06
2.06229e+04 1.37948e+06
2.06380e+04 1.37949e+06
2.06530e+04 1.37950e+06
2.06680e+04 1.37952e+06
2.06830e+04 1.37953e+06
2.06980e+04 1.37955e+06
2.07130e+04 1.37956e+06
2.07281e+04 1.37957e+06
2.07431e+04 1.37959e+06
2.07581e+04 1.37960e+06
2.07731e+04 1.37962e+06
2.07881e+04 1.37963e+06
2.08031e+04 1.37964e+06
2.08182e+04 1.37966e+06
2.08332e+04 1.37967e+06
2.08482e+04 1.37969e+06
2.08632e+04 1.37970e+06
2.08782e+04 1.37971e+06
2.08932e+04 1.37973e+06
2.09083e+04 1.37974e+06
2.09233e+04 1.37976e+06
2.09383e+04 1.37977e+06
2.09533e+04 1.37978e+06
2.09683e+04 1.37980e+06
2.09833e+04 1.37981e+06
2.09983e+04 1.37983e+06
2.10134e+04 1.37984e+06
2.10284e+04 1.37985e+06
2.10434e+04 1.37987e+06
2.10584e+04 1.37988e+06
2.10734e+04 1.37990e+06
2.10884e+04 1.37991e+06
2.11035e+04 1.37992e+06
2.11185e+04 1.37994e+06
2.11335e+04 1.37995e+06
2.11485e+04 1.37997e+06
2.11635e+04 1.37998e+06
2.11785e+04 1.37999e+06
2.11936e+04 1.38001e+06
2.12086e+04 1.38002e+06
2.12236e+04 1.38004e+06
2.12386e+04 1.38005e+06
2.12536e+04 1.38006e+06
2.12686e+04 1.38008e+06
2.12837e+04 1.38009e+06
2.12987e+04 1.38011e+06
2.13137e+04 1.38012e+06
2.13287e+04 1.38013e+06
2.13437e+04 1.38015e+06
2.13587e+04 1.38016e+06
2.13738e+04 1.38018e+06
2.13888e+04 1.38019e+06
2.14038e+04 1.38020e+06
2.14188e+04 1.38022e+06
2.14338e+04 1.38023e+06
2.14488e+04 1.38025e+06
2.14639e+04 1.38026e+06
2.14789e+04 1.38027e+06
2.14939e+04 1.38029e+06
2.15089e+04 1.38030e+06
2.15239e+04 1.38032e+06
2.15389e+04 1.38033e+06
2.15539e+04 1.38034e+06
2.15690e+04 1.38036e+06
2.15840e+04 1.38037e+06
2.15990e+04 1.38039e+06
2.16140e+04 1.38040e+06
2.16290e+04 1.38041e+06
2.16440e+04 1.38043e+06
2.16591e+04 1.38044e+06
2.16741e+04 1.38046e+06
2.16891e+04 1.38047e+06
2.17041e+04 1.38048e+06
2.17191e+04 1.38050e+06
2.17341e+04 1.38051e+06
2.17492e+04 1.38053e+06
2.17642e+04 1.38054e+06
2.17792e+04 1.38055e+06
2.17942e+04 1.38057e+06
2.18092e+04 1.38058e+06
2.18242e+04 1.38060e+06
2.18393e+04 1.38061e+06
2.18543e+04 1.38062e+06
2.18693e+04 1.38064e+06
2.18843e+04 1.38065e+06
2.18993e+04 1.38067e+06
2.19143e+04 1.38068e+06
2.19294e+04 1.38069e+06
2.19444e+04 1.38071e+06
2.19594e+04 1.38072e+06
2.19744e+04 1.38074e+06
2.19894e+04 1.38075e+06
2.20044e+04 1.38076e+06
2.20194e+04 1.38078e+06
2.20345e+04 1.38079e+06
2.20495e+04 1.38081e+06
2.20645e+04 1.38082e+06
2.20795e+04 1.38083e+06
2.20945e+04 1.38085e+06
2.21095e+04 1.38086e+06
2.21246e+04 1.38088e+06
2.21396e+04 1.38089e+06
2.21546e+04 1.38090e+06
2.21696e+04 1.38092e+06
2.21846e+04 1.38093e+06
2.21996e+04 1.38095e+06
2.22147e+04 1.38096e+06
2.22297e+04 1.38097e+06
2.22447e+04 1.38099e+06
2.22597e+04 1.38100e+06
2.22747e+04 1.38102e+06
2.22897e+04 1.38103e+06
2.23048e+04 1.38104e+06
2.23198e+04 1.38106e+06
2.23348e+04 1.38107e+06
2.23498e+04 1.38109e+06
2.23648e+04 1.38110e+06
2.23798e+04 1.38111e+06
2.23949e+04 1.38113e+06
2.24099e+04 1.38114e+06
2.24249e+04 1.38116e+06
2.24399e+04 1.38117e+06
2.24549e+04 1.38118e+06
2.24699e+04 1.38120e+06
2.24849e+04 1.38121e+06
2.25000e+04 1.38123e+06
2.25150e+04 1.38124e+06
2.25300e+04 1.38125e+06
2.25450e+04 1.38127e+06
2.25600e+04 1.38128e+06
2.25750e+04 1.38130e+06
2.25901e+04 1.38131e+06
2.26051e+04 1.38132e+06
2.26201e+04 1.38134e+06
2.26351e+04 1.38135e+06
2.26501e+04 1.38137e+06
2.26651e+04 1.38138e+06
2.26802e+04 1.38139e+06
2.26952e+04 1.38141e+06
2.27102e+04 1.38142e+06
2.27252e+04 1.38144e+06
2.27402e+04 1.38145e+06
2.27552e+04 1.38146e+06
2.27703e+04 1.38148e+06
2.27853e+04 1.38149e+06
2.28003e+04 1.38151e+06
2.28153e+04 1.38152e+06
2.28303e+04 1.38153e+06
2.28453e+04 1.38155e+06
2.28604e+04 1.38156e+06
2.28754e+04 1.38158e+06
2.28904e+04 1.38159e+06
2.29054e+04 1.38160e+06
2.29204e+04 1.38162e+06
2.29354e+04 1.38163e+06
2.29505e+04 1.38165e+06
2.29655e+04 1.38166e+06
2.29805e+04 1.38167e+06
2.29955e+04 1.38169e+06
2.30105e+04 1.38170e+06
2.30255e+04 1.38172e+06
2.30405e+04 1.38173e+06
2.30556e+04 1.38174e+06
2.30706e+04 1.38176e+06
2.30856e+04 1.38177e+06
2.31006e+04 1.38179e+06
2.31156e+04 1.38180e+06
2.31306e+04 1.38181e+06
2.31457e+04 1.38183e+06
2.31607e+04 1.38184e+06
2.31757e+04 1.38185e+06
2.31907e+04 1.38187e+06
2.32057e+04 1.38188e+06
2.32207e+04 1.38190e+06
2.32358e+04 1.38191e+06
2.32508e+04 1.38192e+06
2.32658e+04 1.38194e+06
2.32808e+04 1.38195e+06
2.32958e+04 1.38197e+06
2.33108e+04 1.38198e+06
2.33259e+04 1.38199e+06
2.33409e+04 1.38201e+06
2.33559e+04 1.38202e+06
2.33709e+04 1.38204e+06
2.33859e+04 1.38205e+06
2.34009e+04 1.38206e+06
2.34160e+04 1.38208e+06
2.34310e+04 1.38209e+06
2.34460e+04 1.38211e+06
2.34610e+04 1.38212e+06
2.34760e+04 1.38213e+06
2.34910e+04 1.38215e+06
2.35060e+04 1.38216e+06
2.35211e+04 1.38218e+06
2.35361e+04 1.38219e+06
2.35511e+04 1.38220e+06
2.35661e+04 1.38222e+06
2.35811e+04 1.38223e+06
2.35961e+04 1.38225e+06
2.36112e+04 1.38226e+06
2.36262e+04 1.38227e+06
2.36412e+04 1.38229e+06
2.36562e+04 1.38230e+06
2.36712e+04 1.38232e+06
2.36862e+04 1.38233e+06
2.37013e+04 1.38234e+06
2.37163e+04 1.38236e+06
2.37313e+04 1.38237e+06
2.37463e+04 1.38239e+06
2.37613e+04 1.38240e+06
2.37763e+04 1.38241e+06
2.37914e+04 1.38243e+06
2.38064e+04 1.38244e+06
2.38214e+04 1.38246e+06
2.38364e+04 1.38247e+06
2.38514e+04 1.38248e+06
2.38664e+04 1.38250e+06
2.38815e+04 1.38251e+06
2.38965e+04 1.38253e+06
2.39115e+04 1.38254e+06
2.39265e+04 1.38255e+06
2.39415e+04 1.38257e+06
2.39565e+04 1.38258e+06
2.39715e+04 1.38260e+06
2.39866e+04 1.38261e+06
2.40016e+04 1.38262e+06
2.40166e+04 1.38264e+06
2.40316e+04 1.38265e+06
2.40466e+04 1.38267e+06
2.40616e+04 1.38268e+06
2.40767e+04 1.38269e+06
2.40917e+04 1.38271e+06
2.41067e+04 1.38272e+06
2.41217e+04 1.38274e+06
2.41367e+04 1.38275e+06
2.41517e+04 1.38276e+06
2.41668e+04 1.38278e+06
2.41818e+04 1.38279e+06
2.41968e+04 1.38281e+06
2.42118e+04 1.38282e+06
2.42268e+04 1.38283e+06
2.42418e+04 1.38285e+06
2.42569e+04 1.38286e+06
2.42719e+04 1.38288e+06
2.42869e+04 1.38289e+06
2.43019e+04 1.38290e+06
2.43169e+04 1.38292e+06
2.43319e+04 1.38293e+06
2.43470e+04 1.38295e+06
2.43620e+04 1.38296e+06
2.43770e+04 1.38297e+06
2.43920e+04 1.38299e+06
2.44070e+04 1.38300e+06
2.44220e+04 1.38302e+06
2.44371e+04 1.38303e+06
2.44521e+04 1.38304e+06
2.44671e+04 1.38306e+06
2.44821e+04 1.38307e+06
2.44971e+04 1.38309e+06
2.45121e+04 1.38310e+06
2.45271e+04 1.38311e+06
2.45422e+04 1.38313e+06
2.45572e+04 1.38314e+06
2.45722e+04 1.38316e+06
2.45872e+04 1.38317e+06
2.46022e+04 1.38318e+06
2.46172e+04 1.38320e+06
2.46323e+04 1.38321e+06
2.46473e+04 1.38323e+06
2.46623e+04 1.38324e+06
2.46773e+04 1.38325e+06
2.46923e+04 1.38327e+06
2.47073e+04 1.38328e+06
2.47224e+04 1.38330e+06
2.47374e+04 1.38331e+06
2.47524e+04 1.38332e+06
2.47674e+04 1.38334e+06
2.47824e+04 1.38335e+06
2.47974e+04 1.38337e+06
2.48125e+04 1.38338e+06
2.48275e+04 1.38339e+06
2.48425e+04 1.38341e+06
2.48575e+04 1.38342e+06
2.48725e+04 1.38344e+06
2.48875e+04 1.38345e+06
2.49026e+04 1.38346e+06
2.49176e+04 1.38348e+06
2.49326e+04 1.38349e+06
2.49476e+04 1.38351e+06
2.49626e+04 1.38352e+06
2.49776e+04 1.38353e+06
2.49926e+04 1.38355e+06
2.50077e+04 1.38356e+06
2.50227e+04 1.38358e+06
2.50377e+04 1.38359e+06
2.50527e+04 1.38360e+06
2.50677e+04 1.38362e+06
2.50827e+04 1.38363e+06
2.50978e+04 1.38365e+06
2.51128e+04 1.38366e+06
2.51278e+04 1.38367e+06
2.51428e+04 1.38369e+06
2.51578e+04 1.38370e+06
2.51728e+04 1.38372e+06
2.51879e+04 1.38373e+06
2.52029e+04 1.38374e+06
2.52179e+04 1.38376e+06
2.52329e+04 1.38377e+06
2.52479e+04 1.38379e+06
2.52629e+04 1.38380e+06
2.52780e+04 1.38381e+06
2.52930e+04 1.38383e+06
2.53080e+04 1.38384e+06
2.53230e+04 1.38386e+06
2.53380e+04 1.38387e+06
2.53530e+04 1.38388e+06
2.53681e+04 1.38390e+06
2.53831e+04 1.38391e+06
2.53981e+04 1.38393e+06
2.54131e+04 1.38394e+06
2.54281e+04 1.38395e+06
2.54431e+04 1.38397e+06
2.54582e+04 1.38398e+06
2.54732e+04 1.38400e+06
2.54882e+04 1.38401e+06
2.55032e+04 1.38402e+06
2.55182e+04 1.38404e+06
2.55332e+04 1.38405e+06
2.55482e+04 1.38407e+06
2.55633e+04 1.38408e+06
2.55783e+04 1.38409e+06
2.55933e+04 1.38411e+06
2.56083e+04 1.38412e+06
2.56233e+04 1.38414e+06
2.56383e+04 1.38415e+06
2.56534e+04 1.38416e+06
2.56684e+04 1.38418e+06
2.56834e+04 1.38419e+06
2.56984e+04 1.38421e+06
2.57134e+04 1.38422e+06
2.57284e+04 1.38423e+06
2.57435e+04 1.38425e+06
2.57585e+04 1.38426e+06
2.57735e+04 1.38428e+06
2.57885e+04 1.38429e+06
2.58035e+04 1.38430e+06
2.58185e+04 1.38432e+06
2.58336e+04 1.38433e+06
2.58486e+04 1.38435e+06
2.58636e+04 1.38436e+06
2.58786e+04 1.38437e+06
2.58936e+04 1.38439e+06
2.59086e+04 1.38440e+06
2.59237e+04 1.38442e+06
2.59387e+04 1.38443e+06
2.59537e+04 1.38444e+06
2.59687e+04 1.38446e+06
2.59837e+04 1.38447e+06
2.59987e+04 1.38449e+06
2.60137e+04 1.38450e+06
2.60288e+04 1.38451e+06
2.60438e+04 1.38453e+06
2.60588e+04 1.38454e+06
2.60738e+04 1.38456e+06
2.60888e+04 1.38457e+06
2.61038e+04 1.38458e+06
2.61189e+04 1.38460e+06
2.61339e+04 1.38461e+06
2.61489e+04 1.38463e+06
2.61639e+04 1.38464e+06
2.61789e+04 1.38465e+06
2.61939e+04 1.38467e+06
2.62090e+04 1.38468e+06
2.62240e+04 1.38470e+06
2.62390e+04 1.38471e+06
2.62540e+04 1.38472e+06
2.62690e+04 1.38474e+06
2.62840e+04 1.38475e+06
2.62991e+04 1.38477e+06
2.63141e+04 1.38478e+06
2.63291e+04 1.38479e+06
2.63441e+04 1.38481e+06
2.63591e+04 1.38482e+06
2.63741e+04 1.38484e+06
2.63892e+04 1.38485e+06
2.64042e+04 1.38486e+06
2.64192e+04 1.38488e+06
2.64342e+04 1.38489e+06
2.64492e+04 1.38491e+06
2.64642e+04 1.38492e+06
2.64792e+04 1.38493e+06
2.64943e+04 1.38495e+06
2.65093e+04 1.38496e+06
2.65243e+04 1.38498e+06
2.65393e+04 1.38499e+06
2.65543e+04 1.38500e+06
2.65693e+04 1.38502e+06
2.65844e+04 1.38503e+06
2.65994e+04 1.38505e+06
2.66144e+04 1.38506e+06
2.66294e+04 1.38507e+06
2.66444e+04 1.38509e+06
2.66594e+04 1.38510e+06
2.66745e+04 1.38512e+06
2.66895e+04 1.38513e+06
2.67045e+04 1.38514e+06
2.67195e+04 1.38516e+06
2.67345e+04 1.38517e+06
2.67495e+04 1.38518e+06
2.67646e+04 1.38520e+06
2.67796e+04 1.38521e+06
2.67946e+04 1.38523e+06
2.68096e+04 1.38524e+06
2.68246e+04 1.38525e+06
2.68396e+04 1.38527e+06
2.68547e+04 1.38528e+06
2.68697e+04 1.38530e+06
2.68847e+04 1.38531e+06
2.68997e+04 1.38532e+06
2.69147e+04 1.38534e+06
2.69297e+04 1.38535e+06
2.69448e+04 1.38537e+06
2.69598e+04 1.38538e+06
2.69748e+04 1.38539e+06
2.69898e+04 1.38541e+06
2.70048e+04 1.38542e+06
2.70198e+04 1.38544e+06
2.70348e+04 1.38545e+06
2.70499e+04 1.38546e+06
2.70649e+04 1.38548e+06
2.70799e+04 1.38549e+06
2.70949e+04 1.38551e+06
2.71099e+04 1.38552e+06
2.71249e+04 1.38553e+06
2.71400e+04 1.38555e+06
2.71550e+04 1.38556e+06
2.71700e+04 1.38558e+06
2.71850e+04 1.38559e+06
2.72000e+04 1.38560e+06
2.72150e+04 1.38562e+06
2.72301e+04 1.38563e+06
2.72451e+04 1.38565e+06
2.72601e+04 1.38566e+06
2.72751e+04 1.38567e+06
2.72901e+04 1.38569e+06
2.73051e+04 1.38570e+06
2.73202e+04 1.38572e+06
2.73352e+04 1.38573e+06
2.73502e+04 1.38574e+06
2.73652e+04 1.38576e+06
2.73802e+04 1.38577e+06
2.73952e+04 1.38579e+06
2.74103e+04 1.38580e+06
2.74253e+04 1.38581e+06
2.74403e+04 1.38583e+06
2.74553e+04 1.38584e+06
2.74703e+04 1.38586e+06
2.74853e+04 1.38587e+06
2.75003e+04 1.38588e+06
2.75154e+04 1.38590e+06
2.75304e+04 1.38591e+06
2.75454e+04 1.38593e+06
2.75604e+04 1.38594e+06
2.75754e+04 1.38595e+06
2.75904e+04 1.38597e+06
2.76055e+04 1.38598e+06
2.76205e+04 1.38600e+06
2.76355e+04 1.38601e+06
2.76505e+04 1.38602e+06
2.76655e+04 1.38604e+06
2.76805e+04 1.38605e+06
2.76956e+04 1.38607e+06
2.77106e+04 1.38608e+06
2.77256e+04 1.38609e+06
2.77406e+04 1.38611e+06
2.77556e+04 1.38612e+06
2.77706e+04 1.38614e+06
2.77857e+04 1.38615e+06
2.78007e+04 1.38616e+06
2.78157e+04 1.38618e+06
2.78308e+04 1.38619e+06
2.78458e+04 1.38621e+06
2.78608e+04 1.38622e+06
2.78758e+04 1.38624e+06
2.78909e+04 1.38625e+06
2.79059e+04 1.38626e+06
2.79209e+04 1.38628e+06
2.79360e+04 1.38629e+06
2.79510e+04 1.38631e+06
2.79660e+04 1.38632e+06
2.79811e+04 1.38633e+06
2.79961e+04 1.38635e+06
2.80111e+04 1.38636e+06
2.80262e+04 1.38638e+06
2.80412e+04 1.38639e+06
2.80562e+04 1.38640e+06
2.80713e+04 1.38642e+06
2.80863e+04 1.38643e+06
2.81013e+04 1.38645e+06
2.81164e+04 1.38646e+06
2.81314e+04 1.38648e+06
2.81464e+04 1.38649e+06
2.81615e+04 1.38650e+06
2.81765e+04 1.38652e+06
2.81915e+04 1.38653e+06
2.82066e+04 1.38655e+06
2.82216e+04 1.38656e+06
2.82366e+04 1.38657e+06
2.82517e+04 1.38659e+06
2.82667e+04 1.38660e+06
2.82817e+04 1.38662e+06
2.82968e+04 1.38663e+06
2.83118e+04 1.38664e+06
2.83268e+04 1.38666e+06
2.83418e+04 1.38667e+06
2.83569e+04 1.38669e+06
2.83719e+04 1.38670e+06
2.83869e+04 1.38672e+06
2.84020e+04 1.38673e+06
2.84170e+04 1.38674e+06
2.84320e+04 1.38676e+06
2.84471e+04 1.38677e+06
2.84621e+04 1.38679e+06
2.84771e+04 1.38680e+06
2.84922e+04 1.38681e+06
2.85072e+04 1.38683e+06
2.85222e+04 1.38684e+06
2.85373e+04 1.38686e+06
2.85523e+04 1.38687e+06
2.85673e+04 1.38688e+06
2.85824e+04 1.38690e+06
2.85974e+04 1.38691e+06
2.86124e+04 1.38693e+06
2.86275e+04 1.38694e+06
2.86425e+04 1.38696e+06
2.86575e+04 1.38697e+06
2.86726e+04 1.38698e+06
2.86876e+04 1.38700e+06
2.87026e+04 1.38701e+06
2.87177e+04 1.38703e+06
2.87327e+04 1.38704e+06
2.87477e+04 1.38705e+06
2.87627e+04 1.38707e+06
2.87778e+04 1.38708e+06
2.87928e+04 1.38710e+06
2.88078e+04 1.38711e+06
2.88229e+04 1.38712e+06
2.88379e+04 1.38714e+06
2.88529e+04 1.38715e+06
2.88680e+04 1.38717e+06
2.88830e+04 1.38718e+06
2.88980e+04 1.38720e+06
2.89131e+04 1.38721e+06
2.89281e+04 1.38722e+06
2.89431e+04 1.38724e+06
2.89582e+04 1.38725e+06
2.89732e+04 1.38727e+06
2.89882e+04 1.38728e+06
2.90033e+04 1.38729e+06
2.90183e+04 1.38731e+06
2.90333e+04 1.38732e+06
2.90484e+04 1.38734e+06
2.90634e+04 1.38735e+06
2.90784e+04 1.38736e+06
2.90935e+04 1.38738e+06
2.91085e+04 1.38739e+06
2.91235e+04 1.38741e+06
2.91386e+04 1.38742e+06
2.91536e+04 1.38744e+06
2.91686e+04 1.38745e+06
2.91836e+04 1.38746e+06
2.91987e+04 1.38748e+06
2.92137e+04 1.38749e+06
2.92287e+04 1.38751e+06
2.92438e+04 1.38752e+06
2.92588e+04 1.38753e+06
2.92738e+04 1.38755e+06
2.92889e+04 1.38756e+06
2.93039e+04 1.38758e+06
2.93189e+04 1.38759e+06
2.93340e+04 1.38760e+06
2.93490e+04 1.38762e+06
2.93640e+04 1.38763e+06
2.93791e+04 1.38765e+06
2.93941e+04 1.38766e+06
2.94091e+04 1.38768e+06
2.94242e+04 1.38769e+06
2.94392e+04 1.38770e+06
2.94542e+04 1.38772e+06
2.94693e+04 1.38773e+06
2.94843e+04 1.38775e+06
2.94993e+04 1.38776e+06
2.95144e+04 1.38777e+06
2.95294e+04 1.38779e+06
2.95444e+04 1.38780e+06
2.95595e+04 1.38782e+06
2.95745e+04 1.38783e+06
2.95895e+04 1.38784e+06
2.96045e+04 1.38786e+06
2.96196e+04 1.38787e+06
2.96346e+04 1.38789e+06
2.96496e+04 1.38790e+06
2.96647e+04 1.38792e+06
2.96797e+04 1.38793e+06
2.96947e+04 1.38794e+06
2.97098e+04 1.38796e+06
2.97248e+04 1.38797e+06
2.97398e+04 1.38799e+06
2.97549e+04 1.38800e+06
2.97699e+04 1.38801e+06
2.97849e+04 1.38803e+06
2.98000e+04 1.38804e+06
2.98150e+04 1.38806e+06
2.98300e+04 1.38807e+06
2.98451e+04 1.38808e+06
2.98601e+04 1.38810e+06
2.98751e+04 1.38811e+06
2.98902e+04 1.38813e+06
2.99052e+04 1.38814e+06
2.99202e+04 1.38816e+06
2.99353e+04 1.38817e+06
2.99503e+04 1.38818e+06
2.99653e+04 1.38820e+06
2.99804e+04 1.38821e+06
2.99954e+04 1.38823e+06
3.00104e+04 1.38824e+06
3.00255e+04 1.38825e+06
3.00405e+04 1.38827e+06
3.00555e+04 1.38828e+06
3.00705e+04 1.38830e+06
3.00856e+04 1.38831e+06
